0 -0.0185905183951
1 -0.0180998343484
2 -0.0180231018813
3 -0.017732529472
4 -0.0173161141358
5 -0.0171782938979
6 -0.0168102740916
7 -0.0163429168473
8 -0.0163865484735
9 -0.0161095714411
10 -0.0156956502637
11 -0.0155585274478
12 -0.0152032146188
13 -0.0147940364074
14 -0.0145291768731
15 -0.0141278989596
16 -0.0140235868942
17 -0.0136710473496
18 -0.0132395691522
19 -0.0130897545205
20 -0.0124736259684
21 -0.0118330549773
22 -0.0108603217496
23 -0.00902375311564
24 -0.00799241076799
25 -0.00690194384316
26 -0.0058102755852
27 -0.00471857786104
28 -0.00362749037546
29 -0.00253740135024
30 -0.00144835216411
31 -0.000360124130994
32 0.000728383080945
33 0.00181627594344
34 0.00256351603245
35 0.0024295371439
36 0.00206120554864
37 0.00169376575628
38 0.0013280938014
39 0.000961796199688
40 0.000594666597684
41 0.000227751840946
42 -0.000140269849016
43 -0.000507858367711
44 -0.000876567652545
45 -0.00124471548909
46 -0.0016149985305
47 -0.00198527189488
48 -0.0023564192684
49 -0.00271308119493
50 -0.00242139542349
51 -0.00182895314945
52 -0.001238454835
53 -0.000647292390623
54 -5.32624820854e-05
55 0.000541280234498
56 0.00113494655643
57 0.00172842374851
58 0.00232098655794
59 0.00291433854865
60 0.00350817032544
61 0.00410048177191
62 0.0046917448875
63 0.00528091954806
64 0.00586969075862
65 0.00645621075987
66 0.00704237481112
67 0.00762849265263
68 0.00821526410686
69 0.00880241161531
70 0.0089863328089
71 0.0085633102806
72 0.00812881708549
73 0.00769499486175
74 0.00726139713031
75 0.00682742679536
76 0.0063929760592
77 0.0059577206735
78 0.00552206893429
79 0.00508702095229
80 0.00465247349075
81 0.00421966019959
82 0.00378705305186
83 0.00335532223876
84 0.0029241757988
85 0.00249303896085
86 0.00206090639311
87 0.00162869712921
88 0.00119640456776
89 0.000763941675427
90 0.000331031703894
91 -0.000101741378798
92 -0.000534423167255
93 -0.000968376503619
94 -0.00140269146117
95 -0.00183602306654
96 -0.00226834140342
97 -0.00270236747511
98 -0.00313757324536
99 -0.00357355604432
100 -0.00401056721995
101 -0.00920815852125
102 -0.0144065266862
103 -0.0193291579951
104 -0.0173855364357
105 -0.0142615981907
106 -0.0111413202068
107 -0.00804319084955
108 -0.00494809369115
109 -0.00186260607242
110 0.00121576976289
111 0.00431013482705
112 0.00741467029404
113 0.0105240568981
114 0.0136404393412
115 0.0167776027977
116 0.0199449543397
117 0.0231214258532
118 0.0263462502293
119 0.0295685103402
120 0.0330320042601
121 0.0366709837112
122 0.0403147690349
123 0.0439582008242
124 0.0476162123702
125 0.0512842411819
126 0.0549653534702
127 0.0586712640033
128 0.0623859160082
129 0.0661158976129
130 0.0698598748715
131 0.0736300148674
132 0.0773980991601
133 0.0811548423834
134 0.0849156211569
135 0.0886979453699
136 0.0924751919731
137 0.0962178968136
138 0.0999628880007
139 0.103707956514
140 0.107474624389
141 0.111274162028
142 0.115080302484
143 0.118898712225
144 0.122717467114
145 0.126523810413
146 0.130324813786
147 0.134096227626
148 0.137871323016
149 0.141671490908
150 0.145471647203
151 0.154024785798
152 0.162574638701
153 0.170844906197
154 0.168631656378
155 0.159050601707
156 0.149396637675
157 0.139763796593
158 0.130117073087
159 0.120478970396
160 0.110838192642
161 0.101181562548
162 0.0915178179551
163 0.0818502385542
164 0.0721686627042
165 0.0624659819076
166 0.052772907635
167 0.0430779309616
168 0.0333290959405
169 0.0235778784175
170 0.0138550498759
171 0.00414069812025
172 -0.00556937173321
173 -0.0152747260931
174 -0.0249918144253
175 -0.0347219450055
176 -0.0444887793189
177 -0.0542813530554
178 -0.0640812318311
179 -0.0724899529982
180 -0.0733426501563
181 -0.0736748591508
182 -0.0739937513394
183 -0.0742984625403
184 -0.0745784665354
185 -0.0748772274826
186 -0.0751659903232
187 -0.0754195809532
188 -0.075686986794
189 -0.075967208335
190 -0.0762636347903
191 -0.0765895829656
192 -0.0769238488934
193 -0.0772703868069
194 -0.0776031959278
195 -0.0779133922843
196 -0.0782058113952
197 -0.0784455184001
198 -0.0786911246478
199 -0.0789811312505
200 -0.079273728899
201 -0.0795560673861
202 -0.0798349146375
203 -0.0800850218336
204 -0.076698263764
205 -0.0671154462218
206 -0.057438588866
207 -0.0477569545038
208 -0.0380368145286
209 -0.02831433256
210 -0.0185827886821
211 -0.00884980450071
212 0.00087256044325
213 0.0105912019027
214 0.0203094034695
215 0.0300233426382
216 0.039703622215
217 0.0493803220376
218 0.0590755972739
219 0.0687968459827
220 0.0785092713324
221 0.0882416448851
222 0.0979649220213
223 0.107680705078
224 0.117394902302
225 0.127096906456
226 0.1368206967
227 0.146577630427
228 0.156338323947
229 0.164702644759
230 0.163360212722
231 0.159569270243
232 0.155795520576
233 0.152066894927
234 0.148314703963
235 0.14454974786
236 0.140775740049
237 0.137004545031
238 0.133252215287
239 0.129511156519
240 0.125767075813
241 0.122007977694
242 0.118231206301
243 0.114447399175
244 0.110639851048
245 0.10681934679
246 0.102980258568
247 0.0991127569082
248 0.0952424612101
249 0.0913873907199
250 0.0875321091352
251 0.0836645992541
252 0.0797889091694
253 0.0758652854855
254 0.0719236114984
255 0.068002463336
256 0.0640677443643
257 0.0601292660506
258 0.0561762805803
259 0.0522704800515
260 0.0483680594349
261 0.0444653498574
262 0.0405713508152
263 0.0366863335654
264 0.0328104884981
265 0.02893919599
266 0.0250631566317
267 0.0211779272372
268 0.017275276022
269 0.01331729885
270 0.00935147187402
271 0.00535322006635
272 0.00135533658629
273 -0.00262312953265
274 -0.00658827881582
275 -0.0105271127045
276 -0.0144662519075
277 -0.0184389331676
278 -0.0224067566142
279 -0.0263881420482
280 -0.0282539816244
281 -0.0282281377793
282 -0.0282503729441
283 -0.0283154517058
284 -0.0283734139581
285 -0.0284134720981
286 -0.0284440493505
287 -0.0284799831216
288 -0.0285177531295
289 -0.0285369705285
290 -0.0285590272457
291 -0.0285783816235
292 -0.0285643954067
293 -0.0285111883463
294 -0.0284387460332
295 -0.0283538228604
296 -0.0282363574111
297 -0.0280937356215
298 -0.0279187819598
299 -0.0277205783495
300 -0.0275021365252
301 -0.0272700186593
302 -0.0270214087787
303 -0.0267482570273
304 -0.0264815195773
305 -0.0262486160859
306 -0.0260505617571
307 -0.0258545399064
308 -0.0257023207148
309 -0.0256103528377
310 -0.0255501425717
311 -0.0254976256567
312 -0.0254633547761
313 -0.0254395347073
314 -0.0254293034217
315 -0.0254269975858
316 -0.0254337638314
317 -0.0254457404048
318 -0.0254622782393
319 -0.0254574296677
320 -0.0254471985621
321 -0.0254081281702
322 -0.0253568748214
323 -0.0253104304358
324 -0.0252644038883
325 -0.0251922545269
326 -0.0250954103224
327 -0.0249615133511
328 -0.0248315514689
329 -0.0246885984696
330 -0.0245156043707
331 -0.0243242542044
332 -0.0240806825953
333 -0.0238308035973
334 -0.0236045530477
335 -0.0233879212047
336 -0.0231765587119
337 -0.0229602987972
338 -0.0227317285188
339 -0.022512150205
340 -0.0222795750428
341 -0.0220114774062
342 -0.0217373832162
343 -0.0214950506582
344 -0.0212600862426
345 -0.0210266456381
346 -0.020814703033
347 -0.020587083475
348 -0.0203683316853
349 -0.0201235548723
350 -0.0198962424289
351 -0.0196783878883
352 -0.0194642813773
353 -0.0192481469191
354 -0.0190030110204
355 -0.0187458295938
356 -0.0184466152512
357 -0.0181412477821
358 -0.0177964398531
359 -0.01744686596
360 -0.0170782251196
361 -0.0167252470992
362 -0.0163684886123
363 -0.0160575839566
364 -0.0157494049851
365 -0.0154777217431
366 -0.0151993502119
367 -0.0149179512228
368 -0.014668362836
369 -0.0144531532927
370 -0.0142478655498
371 -0.0140781096432
372 -0.0139623137457
373 -0.0138821578274
374 -0.0138518160345
375 -0.0138734293483
376 -0.0139812044059
377 -0.0141376997385
378 -0.0143375248905
379 -0.0145741397438
380 -0.0148563086951
381 -0.0152755888349
382 -0.0157615149666
383 -0.0163558503395
384 -0.0169589653522
385 -0.0176675672004
386 -0.0184246462124
387 -0.0192704641212
388 -0.0201866034662
389 -0.0211712220695
390 -0.022242393999
391 -0.0233889258163
392 -0.0246339256903
393 -0.025910790268
394 -0.0272848071252
395 -0.0287156084864
396 -0.0302308722434
397 -0.0318509891323
398 -0.0335416741995
399 -0.0353549090772
400 -0.0372051752672
401 -0.0391557598237
402 -0.0411899928243
403 -0.0433598023102
404 -0.0456316049654
405 -0.0479608112752
406 -0.0503922390124
407 -0.0528663609751
408 -0.0554774439146
409 -0.0581449803885
410 -0.0609149508547
411 -0.0690191714653
412 -0.0873039738435
413 -0.115493293464
414 -0.142063760422
415 -0.168629674701
416 -0.19856944319
417 -0.223114950631
418 -0.254452629292
419 -0.276690593698
420 -0.288904978235
421 -0.301753851316
422 -0.312965821011
423 -0.321317997514
424 -0.334461223613
425 -0.342436570371
426 -0.353546680904
427 -0.362292973856
428 -0.372055836832
429 -0.382244971422
430 -0.391169045171
431 -0.402582008014
432 -0.409630772146
433 -0.41907353728
434 -0.432466695638
435 -0.438180878782
436 -0.448306069599
437 -0.460080850475
438 -0.468728385058
439 -0.478424021871
440 -0.485210121161
441 -0.496294860149
442 -0.502354987982
443 -0.514562089445
444 -0.521348132924
445 -0.531162999857
446 -0.544910206111
447 -0.550180411812
448 -0.559247274545
449 -0.56970891575
450 -0.574341777566
451 -0.585167595001
452 -0.592321463778
453 -0.603693444587
454 -0.613291542848
455 -0.619535586031
456 -0.627123749811
457 -0.636144649461
458 -0.646821784069
459 -0.649114722877
460 -0.657368894982
461 -0.664633528197
462 -0.654051619852
463 -0.637633414635
464 -0.620993654737
465 -0.604550880343
466 -0.586280030785
467 -0.567059367106
468 -0.548037828382
469 -0.536175855136
470 -0.531535372914
471 -0.531378811927
472 -0.528483645933
473 -0.532411137432
474 -0.527033776454
475 -0.53305495308
476 -0.53007290378
477 -0.531508334217
478 -0.531713472438
479 -0.526550461623
480 -0.530085413416
481 -0.527122016046
482 -0.531818262017
483 -0.53029540516
484 -0.526520369783
485 -0.522833718628
486 -0.511751174194
487 -0.499577723771
488 -0.491085792372
489 -0.48208984448
490 -0.476519891824
491 -0.465373635525
492 -0.457998273544
493 -0.445063352234
494 -0.438078713713
495 -0.428643441757
496 -0.412836519454
497 -0.405264243721
498 -0.394393592415
499 -0.382669758793
500 -0.377336169538
501 -0.366294683163
502 -0.35946191504
503 -0.345319837829
504 -0.329698491005
505 -0.318032738701
506 -0.305554815177
507 -0.292250925928
508 -0.277756068948
509 -0.272164233642
510 -0.261097623034
511 -0.246176090106
512 -0.239516551781
513 -0.229337033018
514 -0.221593134625
515 -0.214226621545
516 -0.205927464562
517 -0.204542432744
518 -0.196728547005
519 -0.186298362928
520 -0.175722396736
521 -0.160612774729
522 -0.150443046428
523 -0.136902599037
524 -0.128375157556
525 -0.114199416805
526 -0.106419610146
527 -0.097122884582
528 -0.0886056500518
529 -0.0856384700848
530 -0.0758087755272
531 -0.0704444288915
532 -0.0594334379418
533 -0.0472667276889
534 -0.0338653896074
535 -0.0285295885861
536 -0.0267301968731
537 -0.0248206705974
538 -0.0229169167279
539 -0.0210510838581
540 -0.0191964230922
541 -0.0191585429611
542 -0.0208973091447
543 -0.0225906214154
544 -0.0242656895422
545 -0.025948484597
546 -0.0304103759708
547 -0.0292508086569
548 -0.0267563212083
549 -0.0242514554281
550 -0.0216817695107
551 -0.0191251074774
552 -0.0165348869885
553 -0.0174983399422
554 -0.0222427730658
555 -0.0269419923631
556 -0.0316189967799
557 -0.0362568471472
558 -0.0408936460929
559 -0.0453599133486
560 -0.0428454930153
561 -0.0387635834314
562 -0.0346773779925
563 -0.0305237273432
564 -0.0263449965097
565 -0.0221550562144
566 -0.0179600974818
567 -0.0137866129236
568 -0.0096098427032
569 -0.01056244141
570 -0.0150733362285
571 -0.0196093334359
572 -0.024162894844
573 -0.0287092862414
574 -0.0333297425438
575 -0.0377369671276
576 -0.0360739672435
577 -0.033193940039
578 -0.030335624209
579 -0.0274289123703
580 -0.0245196599082
581 -0.0216464441389
582 -0.0217041402951
583 -0.0272780018743
584 -0.032969491537
585 -0.0384927600566
586 -0.0373704315787
587 -0.0345903329286
588 -0.0318248177111
589 -0.0289609925704
590 -0.0261035289199
591 -0.0232674273703
592 -0.0204749820189
593 -0.0177202202871
594 -0.01496766414
595 -0.0121879174641
596 -0.00961318418323
597 -0.0134369078189
598 -0.0186542822884
599 -0.0238628156951
600 -0.0291381326727
601 -0.0344043595951
602 -0.0396244481815
603 -0.0413113481612
604 -0.0391010284601
605 -0.0368924114377
606 -0.034706237494
607 -0.0325528649913
608 -0.0304103670799
609 -0.0284676101527
610 -0.0335122265231
611 -0.0380746892466
612 -0.0412449062423
613 -0.0444819201617
614 -0.047726318937
615 -0.0508919034067
616 -0.0504429720996
617 -0.0461984665377
618 -0.0420046839329
619 -0.0378235279884
620 -0.0336484015143
621 -0.0294903519382
622 -0.0253231087251
623 -0.0211577442078
624 -0.0169855507916
625 -0.0130297295738
626 -0.0151601316368
627 -0.0185674017281
628 -0.0219495325228
629 -0.0253509183864
630 -0.0287011857676
631 -0.0320195147196
632 -0.0353261048983
633 -0.038597288217
634 -0.0383392728548
635 -0.0327323143022
636 -0.0337572932691
637 -0.0365067719678
638 -0.0391799965002
639 -0.0418984867698
640 -0.0446061845154
641 -0.0472991153998
642 -0.0499934220741
643 -0.0527337327611
644 -0.0554926304443
645 -0.0582416686501
646 -0.0553987957239
647 -0.0492916194785
648 -0.0432039089344
649 -0.0371253167115
650 -0.031065502445
651 -0.0250106947333
652 -0.0190275901291
653 -0.0165840228541
654 -0.0180443099278
655 -0.019473677467
656 -0.0208545552397
657 -0.0221874678764
658 -0.0235064092694
659 -0.0248146053985
660 -0.0261942384789
661 -0.0298204581616
662 -0.0293938782338
663 -0.0258800544922
664 -0.0223937204425
665 -0.0189474463333
666 -0.0190947878772
667 -0.0230566363749
668 -0.0269624931655
669 -0.0308476502448
670 -0.0347017525811
671 -0.0385226511215
672 -0.0423246294755
673 -0.0461115617594
674 -0.0498921021566
675 -0.0536329280761
676 -0.0520893221476
677 -0.0474593901487
678 -0.0429196784587
679 -0.0384304145978
680 -0.0339797087107
681 -0.029511367208
682 -0.0250336565312
683 -0.0205587897036
684 -0.0196157615133
685 -0.0241949183141
686 -0.0287750428189
687 -0.0333454542771
688 -0.0328082198851
689 -0.0291128047833
690 -0.0254220591153
691 -0.0217287024472
692 -0.0180073525811
693 -0.014227306148
694 -0.0104009547088
695 -0.00656550016149
696 -0.00827668194723
697 -0.0132203030385
698 -0.0181946698078
699 -0.0232209373122
700 -0.0282213798754
701 -0.0332400092705
702 -0.0382422927216
703 -0.0432773775538
704 -0.0483013351715
705 -0.0533558881355
706 -0.0531195013302
707 -0.0496919346625
708 -0.0462480913654
709 -0.0427964873831
710 -0.0392596523932
711 -0.0356105070402
712 -0.0373789026305
713 -0.0422083451651
714 -0.0435840885259
715 -0.0389674538287
716 -0.0342362925014
717 -0.0295034150525
718 -0.0248627634451
719 -0.0202850034385
720 -0.0157151485975
721 -0.0111199309127
722 -0.00650990360763
723 -0.00189116696753
724 0.00277253144574
725 0.00740437807303
726 0.00673719155084
727 0.00297762293229
728 -0.000691949824676
729 -0.00432333293531
730 -0.00794851238887
731 -0.0115709906733
732 -0.0151939502592
733 -0.0187832690071
734 -0.0223467988214
735 -0.0256643698137
736 -0.0199261648084
737 -0.0106394646564
738 -0.0066239940208
739 -0.00575626069459
740 -0.0048593747261
741 -0.00395649649507
742 -0.00300289257645
743 -0.00204354994871
744 -0.00108170404355
745 -0.000125115936177
746 0.000838875721081
747 0.00179354946261
748 0.00281602929298
749 0.00390216063433
750 0.00499022438284
751 0.00608152431318
752 0.00717287825491
753 0.00830445567148
754 0.00944495246732
755 0.0105753041256
756 0.00632116200341
757 -0.000927265696819
758 -0.00118715465386
759 -0.000219442512721
760 0.000743708517422
761 0.00167100047727
762 0.00257860155338
763 0.00345887452161
764 0.00091326117615
765 -0.00764299207507
766 -0.0163182233943
767 -0.0249822413509
768 -0.0333051615402
769 -0.0345338529181
770 -0.0344392399837
771 -0.0343572717135
772 -0.0343233450654
773 -0.0342947640435
774 -0.0343015066141
775 -0.0343789993904
776 -0.034500994444
777 -0.0346027968932
778 -0.0347450523656
779 -0.0348643995113
780 -0.0350001121051
781 -0.0318401088114
782 -0.0234094215162
783 -0.0149568761156
784 -0.00654952473706
785 0.00158495064809
786 0.000662988396177
787 -0.00380838269488
788 -0.00816893038612
789 -0.0125656217426
790 -0.0169798573456
791 -0.0213911767841
792 -0.025829290368
793 -0.0302919776294
794 -0.0348520423077
795 -0.039554232531
796 -0.0442970724689
797 -0.049095911653
798 -0.0539283575204
799 -0.0573083956741
800 -0.0536243754732
801 -0.0496212305345
802 -0.0456641753068
803 -0.0417080855324
804 -0.0377542823898
805 -0.0337749414665
806 -0.0297378155683
807 -0.0259020383931
808 -0.0290690376608
809 -0.0334657290173
810 -0.0378578774166
811 -0.0422113752575
812 -0.0465671288386
813 -0.0506916448494
814 -0.0477074975075
815 -0.0438707541287
816 -0.0400451016867
817 -0.0362528394247
818 -0.0327144032975
819 -0.036207983874
820 -0.0410247067286
821 -0.0458531260475
822 -0.0503741200939
823 -0.0474534922351
824 -0.0428037622149
825 -0.0380850162794
826 -0.0333043127139
827 -0.0285292626395
828 -0.0237707565508
829 -0.0190109796944
830 -0.0142693911701
831 -0.0128558728503
832 -0.0167139876319
833 -0.0206970897876
834 -0.0247392249413
835 -0.028772580245
836 -0.0328184541864
837 -0.0368988098929
838 -0.0409799168076
839 -0.0450918586691
840 -0.0492185550892
841 -0.053452870234
842 -0.0577093075398
843 -0.0620029181778
844 -0.0659714709281
845 -0.0623687533071
846 -0.0570216987148
847 -0.0516377280945
848 -0.0462393412818
849 -0.0423029136001
850 -0.0454977227272
851 -0.0489947180231
852 -0.05246324032
853 -0.0560138411602
854 -0.0596880618965
855 -0.0630868675045
856 -0.0589740863662
857 -0.0531278210931
858 -0.0472984013694
859 -0.0414998701536
860 -0.0357256470595
861 -0.0300568916867
862 -0.0243930719039
863 -0.0190535806001
864 -0.0208437864357
865 -0.0235656584178
866 -0.0263207062899
867 -0.0290549711381
868 -0.0318005397129
869 -0.0345611873648
870 -0.0373717340301
871 -0.0401745720713
872 -0.043274193643
873 -0.0538952959455
874 -0.0663547685816
875 -0.0788210661557
876 -0.0900250772736
877 -0.0945922840567
878 -0.0989004267565
879 -0.103265603973
880 -0.107652477261
881 -0.106876618792
882 -0.10306411062
883 -0.0992470919568
884 -0.0953845416406
885 -0.0915596192524
886 -0.0877496505149
887 -0.0840132242723
888 -0.0802766736535
889 -0.0765355627789
890 -0.072794953655
891 -0.0690568830659
892 -0.0653151472046
893 -0.0616385433663
894 -0.0583025604947
895 -0.0624358394017
896 -0.0683480480686
897 -0.0742628680357
898 -0.0770560309434
899 -0.074708567647
900 -0.072383907355
901 -0.0700743786511
902 -0.0678517003962
903 -0.0655683348047
904 -0.0632444441749
905 -0.0612501594911
906 -0.0668048974411
907 -0.0741723857266
908 -0.0815443449542
909 -0.088987005078
910 -0.0964148000699
911 -0.100649631323
912 -0.0998222431477
913 -0.0990423973939
914 -0.0982623170146
915 -0.0974680376647
916 -0.0966598968943
917 -0.0958620407908
918 -0.0950972876619
919 -0.0943072452047
920 -0.0936486064335
921 -0.0908883908726
922 -0.0929662326614
923 -0.0972496411499
924 -0.0934258394978
925 -0.0936765648241
926 -0.0938652790851
927 -0.0955854020047
928 -0.103067847511
929 -0.112679510131
930 -0.111568821915
931 -0.117798654704
932 -0.133258750553
933 -0.143552866462
934 -0.15158972528
935 -0.164686181124
936 -0.171728262849
937 -0.176664370357
938 -0.186818124042
939 -0.191941027552
940 -0.195394302136
941 -0.204105542542
942 -0.210651460728
943 -0.211106723849
944 -0.216475184952
945 -0.220128633211
946 -0.218076470833
947 -0.220971953394
948 -0.226926061989
949 -0.231026951021
950 -0.239844583344
951 -0.2471564015
952 -0.252779087116
953 -0.259948094083
954 -0.262586947573
955 -0.269539891017
956 -0.271070771564
957 -0.272889769816
958 -0.275691230567
959 -0.273030614991
960 -0.274811908799
961 -0.28100487462
962 -0.283850960773
963 -0.289991923387
964 -0.300518167175
965 -0.304386190644
966 -0.306152328439
967 -0.313262518513
968 -0.317755753711
969 -0.318968963327
970 -0.322985351556
971 -0.322392993749
972 -0.319899028786
973 -0.318253287038
974 -0.318518970516
975 -0.317815544308
976 -0.316001399579
977 -0.316327983888
978 -0.31531344013
979 -0.3100786932
980 -0.313200246093
981 -0.31717718681
982 -0.308783750864
983 -0.309178694076
984 -0.312895319146
985 -0.301732536415
986 -0.299182975738
987 -0.302934384137
988 -0.304172775059
989 -0.300653871097
990 -0.298712750864
991 -0.295634309255
992 -0.295137994185
993 -0.294577007988
994 -0.292531829581
995 -0.288949981507
996 -0.287677613227
997 -0.285380794301
998 -0.285705402094
999 -0.286313997821
1000 -0.28470568896
1001 -0.283189665923
1002 -0.278846913482
1003 -0.27680399155
1004 -0.279613546507
1005 -0.27254862547
1006 -0.274559383625
1007 -0.278516417848
1008 -0.271528845909
1009 -0.269767801867
1010 -0.267391712239
1011 -0.267413376804
1012 -0.276145090824
1013 -0.272106725064
1014 -0.266128068897
1015 -0.270117464939
1016 -0.270194172921
1017 -0.264817610112
1018 -0.26608987517
1019 -0.265534504657
1020 -0.262477571579
1021 -0.26866465316
1022 -0.264145975722
1023 -0.258452255089
1024 -0.262943359838
1025 -0.261729412067
1026 -0.260318769853
1027 -0.265716266573
1028 -0.261391315832
1029 -0.259047371977
1030 -0.26283676988
1031 -0.258095269875
1032 -0.259862324183
1033 -0.260781876927
1034 -0.254310919035
1035 -0.260548834626
1036 -0.266256009794
1037 -0.262395304866
1038 -0.259489057537
1039 -0.260727242466
1040 -0.262003814182
1041 -0.263325895736
1042 -0.261498422199
1043 -0.259227006325
1044 -0.257522260145
1045 -0.263221573356
1046 -0.267327249598
1047 -0.268321552591
1048 -0.264348121413
1049 -0.264725212364
1050 -0.26708463348
1051 -0.268598368535
1052 -0.272460230656
1053 -0.273321137544
1054 -0.268744004669
1055 -0.274696134647
1056 -0.274943533773
1057 -0.265228043427
1058 -0.269604867298
1059 -0.278779633366
1060 -0.282289342341
1061 -0.276141210466
1062 -0.274221646025
1063 -0.279872243973
1064 -0.281070939531
1065 -0.279897015692
1066 -0.280050655563
1067 -0.284536210642
1068 -0.279497046421
1069 -0.280242702026
1070 -0.285146824295
1071 -0.280883833158
1072 -0.281759526742
1073 -0.285611729378
1074 -0.285806211154
1075 -0.282346221155
1076 -0.286313166466
1077 -0.288080133756
1078 -0.287307987069
1079 -0.290255313053
1080 -0.291171991192
1081 -0.289600960685
1082 -0.291460342945
1083 -0.294363739674
1084 -0.295614374675
1085 -0.295518911061
1086 -0.29744975968
1087 -0.296801639625
1088 -0.293991673582
1089 -0.302111252328
1090 -0.304511882627
1091 -0.296601465499
1092 -0.296764971449
1093 -0.308702638944
1094 -0.30923647656
1095 -0.301259587478
1096 -0.303748124297
1097 -0.307285376075
1098 -0.304878196897
1099 -0.308898455941
1100 -0.306973262315
1101 -0.30527338166
1102 -0.307633075833
1103 -0.305396077511
1104 -0.312600969039
1105 -0.309995162111
1106 -0.312311521154
1107 -0.31454920245
1108 -0.314735417184
1109 -0.316018232465
1110 -0.313929432368
1111 -0.316433630987
1112 -0.315866818764
1113 -0.315335856893
1114 -0.316113766294
1115 -0.315340822939
1116 -0.322207124628
1117 -0.318383424997
1118 -0.324577811617
1119 -0.325090658671
1120 -0.319457822366
1121 -0.326679091795
1122 -0.331567716098
1123 -0.325765633784
1124 -0.325694994101
1125 -0.334752190898
1126 -0.329196647128
1127 -0.32469230359
1128 -0.333541706606
1129 -0.331518569343
1130 -0.330381221711
1131 -0.336997579738
1132 -0.336632450207
1133 -0.336411498654
1134 -0.337827499997
1135 -0.342111325574
1136 -0.337052655742
1137 -0.343172629684
1138 -0.347585545459
1139 -0.33872383835
1140 -0.341450049247
1141 -0.350141526439
1142 -0.348952668454
1143 -0.348081224846
1144 -0.347404083036
1145 -0.350610115428
1146 -0.354401562763
1147 -0.35059503275
1148 -0.357880798817
1149 -0.356228644718
1150 -0.35985462369
1151 -0.36014120207
1152 -0.361843445723
1153 -0.364341005444
1154 -0.3633649733
1155 -0.368262354649
1156 -0.367342927931
1157 -0.374629920777
1158 -0.376917232199
1159 -0.377775593051
1160 -0.375897939941
1161 -0.379318789693
1162 -0.382706646294
1163 -0.381412043029
1164 -0.387416146057
1165 -0.391392790913
1166 -0.385544407193
1167 -0.393068981576
1168 -0.392934265792
1169 -0.398117517372
1170 -0.403448865155
1171 -0.400487239658
1172 -0.407831936642
1173 -0.412570153806
1174 -0.413088756072
1175 -0.412939594645
1176 -0.416868188126
1177 -0.424807565405
1178 -0.421992436774
1179 -0.423745395612
1180 -0.428735720044
1181 -0.428200603798
1182 -0.435922923444
1183 -0.435150065608
1184 -0.43924848362
1185 -0.445863722411
1186 -0.450089497757
1187 -0.448959078584
1188 -0.455006315701
1189 -0.462410915805
1190 -0.463443541374
1191 -0.472050304267
1192 -0.478956758915
1193 -0.472587920039
1194 -0.465756721247
1195 -0.448874550775
1196 -0.415317415488
1197 -0.378533568352
1198 -0.345881843829
1199 -0.312711162966
1200 -0.274993264031
1201 -0.24675510492
1202 -0.207294135731
1203 -0.172992049987
1204 -0.133816967532
1205 -0.107050668033
1206 -0.0846433299418
1207 -0.067081022669
1208 -0.0508769860757
1209 -0.0281065084727
1210 -0.0152437178599
1211 0.00610685907857
1212 0.0215597744151
1213 0.0351354087198
1214 0.0599790231203
1215 0.0751381930664
1216 0.087939400204
1217 0.112339761214
1218 0.126268225457
1219 0.144646661184
1220 0.166472584775
1221 0.178799552493
1222 0.200475198421
1223 0.219652322927
1224 0.232964620248
1225 0.252358872
1226 0.270164917627
1227 0.288768279244
1228 0.307554911975
1229 0.320679963844
1230 0.339851645203
1231 0.359319221904
1232 0.37823326748
1233 0.395892070584
1234 0.415932106399
1235 0.437201640762
1236 0.455955313049
1237 0.468745695406
1238 0.488120893143
1239 0.507658864677
1240 0.526754924102
1241 0.549786274869
1242 0.572435391902
1243 0.581257498167
1244 0.585168687231
1245 0.584900190661
1246 0.569863219961
1247 0.540753118343
1248 0.524599739923
1249 0.509168868731
1250 0.488316839333
1251 0.469823722444
1252 0.44921105948
1253 0.425948060506
1254 0.396918655834
1255 0.387243067746
1256 0.384642419805
1257 0.381579467459
1258 0.371297649642
1259 0.364984894982
1260 0.367136843385
1261 0.36332451315
1262 0.361600028811
1263 0.360999657817
1264 0.357721177561
1265 0.357506134252
1266 0.357925156038
1267 0.349679534235
1268 0.3508393446
1269 0.349954371141
1270 0.340318761976
1271 0.34343600326
1272 0.344415615159
1273 0.331511181922
1274 0.330495442412
1275 0.330893705823
1276 0.328508471769
1277 0.327133029972
1278 0.324399835104
1279 0.318330900446
1280 0.315179465457
1281 0.311014019323
1282 0.314082750886
1283 0.305753141237
1284 0.296879807579
1285 0.298596500776
1286 0.299677538544
1287 0.299090835429
1288 0.298856538565
1289 0.296164245315
1290 0.287728384929
1291 0.283398902033
1292 0.277680091614
1293 0.282269133998
1294 0.279044454027
1295 0.270377310912
1296 0.270287658023
1297 0.278109489331
1298 0.2707991194
1299 0.258991965453
1300 0.256242517661
1301 0.259359599912
1302 0.26064819141
1303 0.260222516323
1304 0.258472415962
1305 0.254987814778
1306 0.249838740399
1307 0.254202598837
1308 0.258843232591
1309 0.257597700765
1310 0.253801684967
1311 0.248329472505
1312 0.244495396688
1313 0.238677568407
1314 0.234715284577
1315 0.238495688086
1316 0.233669391714
1317 0.228993665866
1318 0.226294943762
1319 0.225159602052
1320 0.227811961388
1321 0.218491358593
1322 0.210333221273
1323 0.213828984659
1324 0.217145317891
1325 0.21763166036
1326 0.209071892468
1327 0.207441122375
1328 0.20552547976
1329 0.212708384125
1330 0.210402555801
1331 0.205675923928
1332 0.203385130272
1333 0.211936959241
1334 0.210801252204
1335 0.207908676056
1336 0.205162977553
1337 0.205415817125
1338 0.202523428576
1339 0.199448826276
1340 0.206274166334
1341 0.21014995829
1342 0.207116203446
1343 0.204374969885
1344 0.209634917174
1345 0.206842328993
1346 0.20253773304
1347 0.19999774438
1348 0.208704181254
1349 0.211126403351
1350 0.21355010251
1351 0.210424008761
1352 0.201384548281
1353 0.203624565239
1354 0.211299809542
1355 0.20977835248
1356 0.208086552528
1357 0.205102033108
1358 0.203217931639
1359 0.205581455819
1360 0.206054415469
1361 0.206103300869
1362 0.214647257529
1363 0.219352051101
1364 0.213503926636
1365 0.208796871488
1366 0.212896399734
1367 0.220925310777
1368 0.218011351824
1369 0.215928689519
1370 0.219404767408
1371 0.226414493315
1372 0.23173692607
1373 0.232881172156
1374 0.228612881152
1375 0.227558178433
1376 0.233026707919
1377 0.237214874841
1378 0.238835512099
1379 0.236368930906
1380 0.24381776243
1381 0.244746500109
1382 0.24646990572
1383 0.243426860169
1384 0.243674245191
1385 0.246973858
1386 0.250732900008
1387 0.250591939608
1388 0.256568696015
1389 0.260056403154
1390 0.254530095294
1391 0.257758880129
1392 0.264290423937
1393 0.262495709201
1394 0.264193840487
1395 0.271663884981
1396 0.274512451156
1397 0.278153011701
1398 0.274863312981
1399 0.280615463424
1400 0.284721552553
1401 0.28606144346
1402 0.293984458712
1403 0.291517586456
1404 0.292481199884
1405 0.300484879211
1406 0.299347808837
1407 0.30293135947
1408 0.314002354062
1409 0.306809903756
1410 0.294133655546
1411 0.285651731856
1412 0.272890271093
1413 0.26086485581
1414 0.256183415258
1415 0.247231447933
1416 0.233549199665
1417 0.220353241356
1418 0.21463653438
1419 0.205021772107
1420 0.190444705307
1421 0.179595410926
1422 0.167801230062
1423 0.157154272812
1424 0.148468502373
1425 0.134628786928
1426 0.122395771105
1427 0.109922049966
1428 0.0965125438639
1429 0.0848821279051
1430 0.0703147630487
1431 0.0601331303398
1432 0.0456427413017
1433 0.0337881130027
1434 0.0256322135536
1435 0.011780074591
1436 -0.00187842682326
1437 -0.00551844107242
1438 -0.0115216340092
1439 -0.0238436941933
1440 -0.0397495519621
1441 -0.0559985023184
1442 -0.0732206579233
1443 -0.0912581147072
1444 -0.107750272006
1445 -0.126977073778
1446 -0.142861936123
1447 -0.158304586597
1448 -0.176082874575
1449 -0.194743707901
1450 -0.21070813501
1451 -0.228763282621
1452 -0.2471723449
1453 -0.254697783465
1454 -0.27498125067
1455 -0.294580315075
1456 -0.305420314998
1457 -0.327593066664
1458 -0.345035715325
1459 -0.352215520367
1460 -0.358006990195
1461 -0.35698102603
1462 -0.361839034584
1463 -0.364054714614
1464 -0.365726827718
1465 -0.368234125391
1466 -0.370940302866
1467 -0.370883901183
1468 -0.369955915162
1469 -0.37565445781
1470 -0.377776851486
1471 -0.375401415396
1472 -0.379023720094
1473 -0.380828279003
1474 -0.379660180292
1475 -0.382391163694
1476 -0.382137229191
1477 -0.385250673175
1478 -0.38161736966
1479 -0.381961653199
1480 -0.385378638137
1481 -0.382585005735
1482 -0.384469108704
1483 -0.383929971912
1484 -0.379667311294
1485 -0.380862568728
1486 -0.386207210662
1487 -0.388289720714
1488 -0.395313371656
1489 -0.399649653084
1490 -0.387996927725
1491 -0.385519145771
1492 -0.386701150312
1493 -0.376140572262
1494 -0.374364601575
1495 -0.371666181034
1496 -0.362655993282
1497 -0.360936264645
1498 -0.356687420439
1499 -0.356771950649
1500 -0.357763221204
1501 -0.35968409092
1502 -0.361059682149
1503 -0.365546021894
1504 -0.368531960013
1505 -0.366695283236
1506 -0.371337466516
1507 -0.36872526014
1508 -0.373177066509
1509 -0.37425341729
1510 -0.372805789283
1511 -0.378996396607
1512 -0.376041408509
1513 -0.379528323181
1514 -0.38047523689
1515 -0.383480913168
1516 -0.379584869494
1517 -0.385250534216
1518 -0.39067239907
1519 -0.385665983749
1520 -0.38910405413
1521 -0.38972775714
1522 -0.388407814436
1523 -0.39390775304
1524 -0.394617563993
1525 -0.39529801436
1526 -0.3953717729
1527 -0.393815404983
1528 -0.401809395269
1529 -0.398425229745
1530 -0.397532617877
1531 -0.403778117567
1532 -0.398826279844
1533 -0.402410713263
1534 -0.40881795213
1535 -0.407310379893
1536 -0.406566086575
1537 -0.411988055551
1538 -0.413219374283
1539 -0.408709005775
1540 -0.417776671478
1541 -0.41807635692
1542 -0.411081811211
1543 -0.416977642427
1544 -0.418645092249
1545 -0.415700361812
1546 -0.423265475096
1547 -0.4223622899
1548 -0.421541803029
1549 -0.417902415432
1550 -0.415312493551
1551 -0.410934556145
1552 -0.407125027
1553 -0.399751513445
1554 -0.392215941146
1555 -0.394501512502
1556 -0.386534521905
1557 -0.385679392734
1558 -0.380369885653
1559 -0.374280906741
1560 -0.373918673421
1561 -0.369510678683
1562 -0.367487338277
1563 -0.366319630248
1564 -0.360874371565
1565 -0.354992613314
1566 -0.359092596756
1567 -0.352905512174
1568 -0.350688380438
1569 -0.348599254771
1570 -0.345827684818
1571 -0.344527001492
1572 -0.338642846486
1573 -0.333272949281
1574 -0.334581073995
1575 -0.326827431229
1576 -0.327628897093
1577 -0.326794038393
1578 -0.316082504387
1579 -0.317456952075
1580 -0.318234234644
1581 -0.311806169529
1582 -0.311005358703
1583 -0.309088737883
1584 -0.30345586317
1585 -0.296955255731
1586 -0.295158514368
1587 -0.298183841186
1588 -0.294029845224
1589 -0.288084833271
1590 -0.265860572753
1591 -0.238587839751
1592 -0.205241885959
1593 -0.172698094177
1594 -0.138436444953
1595 -0.102963210956
1596 -0.068603595591
1597 -0.035892127881
1598 -0.00676845369758
1599 0.025226916735
1600 0.045651689112
1601 0.0604673901913
1602 0.0685597191465
1603 0.0796459809553
1604 0.0948143967495
1605 0.11336167475
1606 0.123825359385
1607 0.140220702786
1608 0.153675604253
1609 0.163894906598
1610 0.180660203946
1611 0.190774496167
1612 0.206932650993
1613 0.223047518699
1614 0.229167518746
1615 0.243886432933
1616 0.257216524603
1617 0.270180591054
1618 0.286334668022
1619 0.295051502206
1620 0.313407104622
1621 0.319451628386
1622 0.327468876723
1623 0.344344916603
1624 0.353971219907
1625 0.363235694256
1626 0.379146529174
1627 0.390097561191
1628 0.398773640038
1629 0.405924922571
1630 0.420283537045
1631 0.434143466489
1632 0.44151705716
1633 0.4540197419
1634 0.46523937791
1635 0.46881190482
1636 0.479886862648
1637 0.492192845444
1638 0.502660912263
1639 0.508827096466
1640 0.499382932138
1641 0.484854684723
1642 0.463420621194
1643 0.442331172774
1644 0.420866357266
1645 0.399941702967
1646 0.375857246117
1647 0.350601112001
1648 0.338987144007
1649 0.317219002871
1650 0.3023879186
1651 0.303474057143
1652 0.308884612164
1653 0.300741517343
1654 0.298280076232
1655 0.292748158691
1656 0.287921877472
1657 0.285519248753
1658 0.283083225697
1659 0.278006693402
1660 0.27563864907
1661 0.277707795326
1662 0.268204230782
1663 0.267063902622
1664 0.270106373852
1665 0.261872409505
1666 0.261953048196
1667 0.259924539801
1668 0.252912269718
1669 0.253219856424
1670 0.249683159464
1671 0.247208504019
1672 0.245873618766
1673 0.243784139025
1674 0.242023221461
1675 0.23789937129
1676 0.235733643384
1677 0.233475319893
1678 0.227363614193
1679 0.231210940202
1680 0.230673048221
1681 0.221095891972
1682 0.220492693782
1683 0.223125825667
1684 0.216874408581
1685 0.214640466102
1686 0.213271576486
1687 0.216361259663
1688 0.2089794009
1689 0.203665765249
1690 0.207586089738
1691 0.204219879397
1692 0.195978770185
1693 0.197957784651
1694 0.199001303115
1695 0.191803625707
1696 0.19101006975
1697 0.189913640539
1698 0.187047667695
1699 0.185082768923
1700 0.184519214515
1701 0.182836287733
1702 0.182978964494
1703 0.182789467188
1704 0.178054799502
1705 0.179079274153
1706 0.183125784678
1707 0.177008983905
1708 0.170496337779
1709 0.172773690704
1710 0.174703467196
1711 0.170996611884
1712 0.169326667292
1713 0.167023769985
1714 0.166100969357
1715 0.168740230933
1716 0.163310706965
1717 0.159720978031
1718 0.163705340152
1719 0.162298877519
1720 0.154860811063
1721 0.155686919109
1722 0.155906655406
1723 0.156028125499
1724 0.157376052849
1725 0.153579778397
1726 0.149138938739
1727 0.152682772079
1728 0.153296385764
1729 0.144641243077
1730 0.140840396327
1731 0.143174854584
1732 0.144843380432
1733 0.144689690451
1734 0.142318217145
1735 0.141827891937
1736 0.14054296481
1737 0.141034248121
1738 0.142567854953
1739 0.138512143439
1740 0.133445237772
1741 0.133287928128
1742 0.138526754777
1743 0.140690174297
1744 0.133179809258
1745 0.133637324353
1746 0.137695923136
1747 0.140043627983
1748 0.131323239985
1749 0.128516715967
1750 0.128682147542
1751 0.128204027405
1752 0.1272319744
1753 0.130007358456
1754 0.128524794209
1755 0.125984672621
1756 0.123661547152
1757 0.130218176094
1758 0.13325810894
1759 0.127644744638
1760 0.121210537529
1761 0.121749434871
1762 0.127276507938
1763 0.129024460221
1764 0.12046251207
1765 0.115435152035
1766 0.117197726639
1767 0.118478349058
1768 0.119210574734
1769 0.118367046307
1770 0.117288246111
1771 0.115475196432
1772 0.113116999574
1773 0.110541458523
1774 0.114773655822
1775 0.114203366825
1776 0.109929681885
1777 0.105197234859
1778 0.104808470549
1779 0.112344323408
1780 0.119242462188
1781 0.115821293169
1782 0.108399787202
1783 0.101748784835
1784 0.105093065955
1785 0.109196327588
1786 0.112563090345
1787 0.107026521823
1788 0.104949025587
1789 0.107931588895
1790 0.110695394112
1791 0.112971256623
1792 0.112244245746
1793 0.104116337545
1794 0.104293404942
1795 0.104331877848
1796 0.103944735379
1797 0.104114580464
1798 0.109750850258
1799 0.109065113977
1800 0.107813858505
1801 0.106109342774
1802 0.103736408311
1803 0.105524336216
1804 0.108409350772
1805 0.104987851082
1806 0.101171363201
1807 0.0969376073742
1808 0.0968795940512
1809 0.104415415404
1810 0.108566552483
1811 0.103601220918
1812 0.0980110816588
1813 0.0951689800451
1814 0.101651568087
1815 0.108173120539
1816 0.11097851998
1817 0.103946963874
1818 0.0962388504204
1819 0.0936935443396
1820 0.0978928661115
1821 0.101894351941
1822 0.105548532655
1823 0.10584401031
1824 0.0974886010753
1825 0.0983482687921
1826 0.101990211428
1827 0.10524827681
1828 0.108145566052
1829 0.107316813639
1830 0.0968168801657
1831 0.09541885381
1832 0.0972036361529
1833 0.0986158347347
1834 0.0994755743767
1835 0.100001258735
1836 0.100205436754
1837 0.0995262034439
1838 0.0991664604082
1839 0.0984932347476
1840 0.0974886467869
1841 0.096158428718
1842 0.0970349806022
1843 0.101624334692
1844 0.103884726903
1845 0.105811323025
1846 0.102813197238
1847 0.0966529028407
1848 0.0948411220094
1849 0.10004227086
1850 0.104866770393
1851 0.101270100096
1852 0.09413697589
1853 0.0867030581081
1854 0.0849176261883
1855 0.0891066449895
1856 0.0929987560039
1857 0.0966145436287
1858 0.0999187993155
1859 0.0972187683352
1860 0.0910833399372
1861 0.0932919213721
1862 0.0954598887998
1863 0.0973277142394
1864 0.0987269420483
1865 0.0962598448057
1866 0.0929810317795
1867 0.0989102642332
1868 0.103776065428
1869 0.10248979972
1870 0.100723360542
1871 0.0986931054792
1872 0.0964014143336
1873 0.0959192733494
1874 0.0973734505058
1875 0.0985481690619
1876 0.0994362553764
1877 0.0990728665125
1878 0.0910455058958
1879 0.0856505657743
1880 0.0895280836941
1881 0.0932936955859
1882 0.0968068561878
1883 0.100081126557
1884 0.0976853597432
1885 0.0921498837516
1886 0.0865558490421
1887 0.0896811287197
1888 0.0945564023106
1889 0.0921792773807
1890 0.0890053474327
1891 0.0856234785932
1892 0.0820010973792
1893 0.0834050605458
1894 0.0865251974399
1895 0.083203508248
1896 0.083286709778
1897 0.0859641034488
1898 0.0881419788141
1899 0.0829718156917
1900 0.0763819859541
1901 0.0777240748482
1902 0.0822930373012
1903 0.0866196011823
1904 0.0907232018263
1905 0.0936102115019
1906 0.0865157969513
1907 0.076760420552
1908 0.0577514184694
1909 0.0338232504479
1910 0.00534878224833
1911 -0.0204960978128
1912 -0.0529968143188
1913 -0.0812283780399
1914 -0.115450558448
1915 -0.14595817738
1916 -0.175520262534
1917 -0.20045146899
1918 -0.2149649839
1919 -0.216168331939
1920 -0.224718656841
1921 -0.239148326285
1922 -0.250875413612
1923 -0.265411883959
1924 -0.274140676234
1925 -0.283574115703
1926 -0.293807208954
1927 -0.311565815786
1928 -0.317123426241
1929 -0.325793321296
1930 -0.335784836198
1931 -0.346439686611
1932 -0.362568025956
1933 -0.3758733138
1934 -0.387278294721
1935 -0.393124388358
1936 -0.40821899262
1937 -0.420052987972
1938 -0.432560012527
1939 -0.437023004353
1940 -0.433711463911
1941 -0.431979712342
1942 -0.43182450464
1943 -0.433261053712
1944 -0.435870101923
1945 -0.433832644011
1946 -0.432351785503
1947 -0.432375698141
1948 -0.433650841406
1949 -0.429148147916
1950 -0.424791950391
1951 -0.421952233704
1952 -0.420615907548
1953 -0.420738632205
1954 -0.422344738602
1955 -0.424431956767
1956 -0.418246641358
1957 -0.411128681146
1958 -0.396418770056
1959 -0.372746645982
1960 -0.339896782213
1961 -0.311311233609
1962 -0.27778365605
1963 -0.250195219332
1964 -0.218113530912
1965 -0.187851315445
1966 -0.156360565533
1967 -0.131186141033
1968 -0.116993984831
1969 -0.111716243942
1970 -0.100544272675
1971 -0.0851746638906
1972 -0.0741678300168
1973 -0.0611214562241
1974 -0.0492299411532
1975 -0.0380521450587
1976 -0.0277093354907
1977 -0.0104764436238
1978 0.000319911503434
1979 0.0130318183259
1980 0.0254219148449
1981 0.0370210342098
1982 0.0524388982612
1983 0.0633808086561
1984 0.0764497207975
1985 0.085248550258
1986 0.101683736053
1987 0.113254659977
1988 0.124787523883
1989 0.133677690187
1990 0.133746083597
1991 0.133799366424
1992 0.133832848978
1993 0.133878865474
1994 0.133925366271
1995 0.133945455204
1996 0.133920272398
1997 0.133859061901
1998 0.133732762891
1999 0.133553982223
2000 0.133338502022
2001 0.133073442676
2002 0.131842770581
2003 0.123564720945
2004 0.114729857493
2005 0.105857957236
2006 0.0969381506867
2007 0.0879600205486
2008 0.0789049899079
2009 0.0697893527979
2010 0.060608812013
2011 0.0514150441413
2012 0.0421720632007
2013 0.0329011958846
2014 0.0235707240101
2015 0.0142094992562
2016 0.00486557254694
2017 -0.00450562030716
2018 -0.0139330366072
2019 -0.0233656464015
2020 -0.0328284701617
2021 -0.0422951932434
2022 -0.0517773368742
2023 -0.0612505878314
2024 -0.070720846558
2025 -0.0801518681177
2026 -0.0895967072886
2027 -0.0990715545821
2028 -0.108573983087
2029 -0.113456273806
2030 -0.115444646344
2031 -0.117478975965
2032 -0.119546042244
2033 -0.121621436417
2034 -0.123746596135
2035 -0.125908912472
2036 -0.128033541679
2037 -0.130156025074
2038 -0.132241162239
2039 -0.134335428589
2040 -0.136407603684
2041 -0.138460478172
2042 -0.140497741811
2043 -0.142538997131
2044 -0.144578978143
2045 -0.146603864535
2046 -0.148630110753
2047 -0.150654368091
2048 -0.15266144042
2049 -0.154625417818
2050 -0.156593157409
2051 -0.158576621573
2052 -0.159623961341
2053 -0.153688010172
2054 -0.147217822542
2055 -0.140748542453
2056 -0.134260832812
2057 -0.127793278987
2058 -0.121303008966
2059 -0.11478680169
2060 -0.10830298735
2061 -0.101827206691
2062 -0.0953154035336
2063 -0.0887863175444
2064 -0.0822310377103
2065 -0.0756918191261
2066 -0.0692063699929
2067 -0.062747624752
2068 -0.0562657657913
2069 -0.0497823185478
2070 -0.0432820650034
2071 -0.0368182746015
2072 -0.0303555899027
2073 -0.0238745697506
2074 -0.0173978728494
2075 -0.0109635598183
2076 -0.00453091174792
2077 0.00189666282348
2078 0.00831003738302
2079 0.0101211887717
2080 0.00902200978133
2081 0.00799354098913
2082 0.0070337660303
2083 0.00607104364047
2084 0.00512350207915
2085 0.00417215448592
2086 0.00319656901591
2087 0.00221603292284
2088 0.0012217894017
2089 0.000240895483233
2090 -0.000734876085982
2091 -0.0016972120844
2092 -0.00264452457746
2093 -0.0036060452741
2094 -0.00458666652512
2095 -0.00556139333421
2096 -0.00650265205177
2097 -0.00743784505133
2098 -0.00840543146598
2099 -0.00938410746714
2100 -0.0103461155565
2101 -0.0113101967226
2102 -0.0122810029656
2103 -0.0132668624803
2104 -0.0142680438232
2105 -0.0153236834902
2106 -0.0163847887787
2107 -0.0174000798444
2108 -0.0184126807534
2109 -0.0194139762703
2110 -0.0203946566338
2111 -0.0213893996702
2112 -0.0224080954633
2113 -0.0234383518821
2114 -0.0244469036539
2115 -0.0255075664392
2116 -0.0265832507674
2117 -0.0276915597035
2118 -0.0287982073395
2119 -0.0298964994631
2120 -0.0310564444365
2121 -0.0322068758455
2122 -0.0333919471829
2123 -0.0346244775097
2124 -0.0358898750213
2125 -0.0371812424647
2126 -0.0384659698991
2127 -0.0397420266766
2128 -0.0409814681194
2129 -0.0422150582695
2130 -0.043481470595
2131 -0.044756267587
2132 -0.0460359133007
2133 -0.0459122345924
2134 -0.0435894834226
2135 -0.0412756596138
2136 -0.0389196107285
2137 -0.0365509431644
2138 -0.0342039222812
2139 -0.0318746288631
2140 -0.0296166352373
2141 -0.0273829931224
2142 -0.0251514397474
2143 -0.0229293871243
2144 -0.0207024706864
2145 -0.0184859981889
2146 -0.0162812884698
2147 -0.0140907870443
2148 -0.0119007420149
2149 -0.00974067150104
2150 -0.0075788684221
2151 -0.00540596330403
2152 -0.00323088302767
2153 -0.00105723375281
2154 0.00110643962019
2155 0.00331149381188
2156 0.00550514500102
2157 0.0076836435976
2158 0.00985590478
2159 0.0119885585173
2160 0.0141273386455
2161 0.0162825427341
2162 0.0184505820269
2163 0.020626633908
2164 0.0227973503649
2165 0.0249992151846
2166 0.0271865005325
2167 0.0293514641774
2168 0.0315001448915
2169 0.0335881318178
2170 0.0357250776595
2171 0.0378082710759
2172 0.0398999481797
2173 0.0420243462776
2174 0.0441796103788
2175 0.0463978022385
2176 0.0485440368373
2177 0.0506771505716
2178 0.0527874277543
2179 0.0549062331239
2180 0.057046214105
2181 0.0591309226906
2182 0.0611832789098
2183 0.0618080869931
2184 0.0602218897908
2185 0.0586366071813
2186 0.0570181422305
2187 0.0553720206025
2188 0.0537659320593
2189 0.0521384811451
2190 0.0505533559188
2191 0.0489226869826
2192 0.0472826030318
2193 0.0456552678364
2194 0.0440368896638
2195 0.042416851453
2196 0.0407960264269
2197 0.0391407915488
2198 0.037498847161
2199 0.0358044062025
2200 0.0340996774263
2201 0.032352867634
2202 0.0306178048667
2203 0.0288845891385
2204 0.0271612758267
2205 0.0253753643459
2206 0.0235942166688
2207 0.0217441187843
2208 0.0198951500676
2209 0.0180322886939
2210 0.0161675105464
2211 0.014271797531
2212 0.0123882751842
2213 0.0105023490308
2214 0.00860966875445
2215 0.00670949319886
2216 0.00481480850016
2217 0.00292879742895
2218 0.00105225725319
2219 -0.00183913094496
2220 -0.00773036339228
2221 -0.0165821594126
2222 -0.0284491425147
2223 -0.0433431901012
2224 -0.0613093938725
2225 -0.0823698966941
2226 -0.106461200987
2227 -0.132407784477
2228 -0.14558729248
2229 -0.143311514437
2230 -0.140303716712
2231 -0.14033590886
2232 -0.143474281496
2233 -0.149653502561
2234 -0.15860344176
2235 -0.169635519952
2236 -0.171910587486
2237 -0.173615772478
2238 -0.178522674683
2239 -0.186370855728
2240 -0.189096986357
2241 -0.191453878276
2242 -0.196962504416
2243 -0.203248523216
2244 -0.203573317709
2245 -0.206794263364
2246 -0.213183394988
2247 -0.218181752082
2248 -0.219102437294
2249 -0.222799658327
2250 -0.229525901906
2251 -0.23109392938
2252 -0.232390531798
2253 -0.236899309221
2254 -0.244455314506
2255 -0.246652976385
2256 -0.247939577984
2257 -0.252359754809
2258 -0.259134549967
2259 -0.259411197575
2260 -0.261426384513
2261 -0.266686168418
2262 -0.27060109783
2263 -0.270369693155
2264 -0.27295545796
2265 -0.278771888247
2266 -0.284773077661
2267 -0.284780061333
2268 -0.287576658059
2269 -0.2924948872
2270 -0.289330039086
2271 -0.282869117528
2272 -0.276691154869
2273 -0.270682469875
2274 -0.256305499333
2275 -0.238069708562
2276 -0.220085339863
2277 -0.200148660824
2278 -0.187546457416
2279 -0.193539632142
2280 -0.203634812736
2281 -0.212827498564
2282 -0.209159352932
2283 -0.202448756
2284 -0.196353374339
2285 -0.191510751528
2286 -0.198637406931
2287 -0.201337186038
2288 -0.200696911736
2289 -0.200309383086
2290 -0.199751549294
2291 -0.200093126562
2292 -0.200408482506
2293 -0.200830522627
2294 -0.201284304936
2295 -0.20192078824
2296 -0.202647049258
2297 -0.198459061474
2298 -0.198668960619
2299 -0.199546154038
2300 -0.200634723994
2301 -0.201260132893
2302 -0.202764891005
2303 -0.20461129013
2304 -0.200813846932
2305 -0.19819323739
2306 -0.199906664279
2307 -0.201956823735
2308 -0.199995623962
2309 -0.196240883361
2310 -0.193903621554
2311 -0.191915576685
2312 -0.194894817633
2313 -0.205377597812
2314 -0.205223186718
2315 -0.199577024005
2316 -0.197355727992
2317 -0.204430136127
2318 -0.2025973978
2319 -0.1980566872
2320 -0.201899577974
2321 -0.207053083866
2322 -0.202739045719
2323 -0.198445060603
2324 -0.202892957148
2325 -0.20208145717
2326 -0.198175626935
2327 -0.198117045892
2328 -0.205935790855
2329 -0.203586652125
2330 -0.20002535028
2331 -0.198082061041
2332 -0.203521094589
2333 -0.205553449704
2334 -0.207856407323
2335 -0.209923913434
2336 -0.202931426759
2337 -0.20132554841
2338 -0.203662413173
2339 -0.200627653718
2340 -0.199685720698
2341 -0.201832442
2342 -0.20371318126
2343 -0.198632671927
2344 -0.201771590528
2345 -0.205450983154
2346 -0.200939673649
2347 -0.203628716014
2348 -0.209708922487
2349 -0.207220270593
2350 -0.200701058034
2351 -0.203713602879
2352 -0.208805149137
2353 -0.203545775179
2354 -0.203277495254
2355 -0.210943304144
2356 -0.210521751025
2357 -0.206382095324
2358 -0.207836676456
2359 -0.214630712418
2360 -0.21720316918
2361 -0.220164505415
2362 -0.217308516876
2363 -0.208357062298
2364 -0.211268077691
2365 -0.216731408282
2366 -0.212677915484
2367 -0.208812074974
2368 -0.214938128377
2369 -0.216116469146
2370 -0.213963196865
2371 -0.214598770976
2372 -0.216695624576
2373 -0.216826646581
2374 -0.217459557932
2375 -0.219295300312
2376 -0.220750551725
2377 -0.22257074993
2378 -0.218897354967
2379 -0.220693267135
2380 -0.223929334955
2381 -0.223115268236
2382 -0.221486072575
2383 -0.227254928678
2384 -0.224976931668
2385 -0.21964935958
2386 -0.224312491474
2387 -0.228229933256
2388 -0.225215777191
2389 -0.228404102402
2390 -0.230161415877
2391 -0.228645611406
2392 -0.228358228857
2393 -0.229533922318
2394 -0.228610188493
2395 -0.228323865166
2396 -0.230543675267
2397 -0.231129233641
2398 -0.231460260986
2399 -0.231022223144
2400 -0.233733350763
2401 -0.236659053591
2402 -0.232506409653
2403 -0.23675582422
2404 -0.238314981225
2405 -0.232483546576
2406 -0.235575167862
2407 -0.240331765549
2408 -0.236943072672
2409 -0.240679750967
2410 -0.243360814351
2411 -0.239402844831
2412 -0.241857132435
2413 -0.242738405874
2414 -0.241343012873
2415 -0.243891485821
2416 -0.247289478659
2417 -0.244798662499
2418 -0.24296828435
2419 -0.249256154166
2420 -0.248671403563
2421 -0.245306636827
2422 -0.251252517988
2423 -0.252526731597
2424 -0.245888132239
2425 -0.248217000918
2426 -0.254360741367
2427 -0.249358272777
2428 -0.248275663878
2429 -0.253446195778
2430 -0.254975324256
2431 -0.25396985591
2432 -0.258381061324
2433 -0.254285942507
2434 -0.258978595071
2435 -0.26191630913
2436 -0.254900801484
2437 -0.252673791367
2438 -0.258335633283
2439 -0.258990619385
2440 -0.259139606475
2441 -0.263567333971
2442 -0.264981901012
2443 -0.26278766905
2444 -0.263882170055
2445 -0.265469006392
2446 -0.265570725423
2447 -0.267113100793
2448 -0.264581017298
2449 -0.266488219434
2450 -0.270803246184
2451 -0.266615174983
2452 -0.268482534424
2453 -0.268969514828
2454 -0.267265416785
2455 -0.273929754921
2456 -0.271969541966
2457 -0.26561803114
2458 -0.268327472403
2459 -0.270782454654
2460 -0.267875290631
2461 -0.269211026863
2462 -0.271266641469
2463 -0.273583528923
2464 -0.272588891659
2465 -0.27249235832
2466 -0.275446659423
2467 -0.280717969417
2468 -0.279866766574
2469 -0.275560298226
2470 -0.280914403704
2471 -0.280568861701
2472 -0.279374854631
2473 -0.277087043062
2474 -0.280916178983
2475 -0.283516906741
2476 -0.278563344555
2477 -0.284692855106
2478 -0.285242845786
2479 -0.284609177676
2480 -0.283529119314
2481 -0.280517090398
2482 -0.280425511103
2483 -0.287729776067
2484 -0.283634479913
2485 -0.285127644614
2486 -0.292010791372
2487 -0.292391537093
2488 -0.290692072626
2489 -0.285364433624
2490 -0.290048006425
2491 -0.287491788845
2492 -0.28583457508
2493 -0.291962471591
2494 -0.289603018188
2495 -0.287596018325
2496 -0.29277910037
2497 -0.290475391092
2498 -0.292951427578
2499 -0.299326562981
2500 -0.29444322249
2501 -0.298514884165
2502 -0.298542947278
2503 -0.294596989738
2504 -0.298203148034
2505 -0.300314068792
2506 -0.299073552973
2507 -0.304574925579
2508 -0.305603369766
2509 -0.302358998597
2510 -0.30684627754
2511 -0.309393651056
2512 -0.307223701861
2513 -0.308821454798
2514 -0.311732018236
2515 -0.308171292212
2516 -0.309184569404
2517 -0.306932908792
2518 -0.310914447679
2519 -0.308533741878
2520 -0.306382652257
2521 -0.310497521235
2522 -0.304610671931
2523 -0.302103609658
2524 -0.297456419703
2525 -0.289930618062
2526 -0.286275320932
2527 -0.278612336388
2528 -0.275635229129
2529 -0.269183724936
2530 -0.263206724818
2531 -0.261964950983
2532 -0.255566826537
2533 -0.24626629197
2534 -0.243990084387
2535 -0.237806745194
2536 -0.232062039319
2537 -0.228387820984
2538 -0.222100802747
2539 -0.220414347821
2540 -0.213880547988
2541 -0.209930696978
2542 -0.204019627651
2543 -0.195262755551
2544 -0.190529238007
2545 -0.180701192297
2546 -0.167599995453
2547 -0.161283313566
2548 -0.150799873969
2549 -0.137811662931
2550 -0.131317945543
2551 -0.120209251008
2552 -0.111497603116
2553 -0.106532467342
2554 -0.0965537097773
2555 -0.0832879147539
2556 -0.0777520423788
2557 -0.0683580717256
2558 -0.0585608068006
2559 -0.0490718061251
2560 -0.0393223889814
2561 -0.0298887565717
2562 -0.0202367054424
2563 -0.0108656266123
2564 -0.00176930007091
2565 0.00602881014412
2566 0.0163842529738
2567 0.0234541889669
2568 0.035185937776
2569 0.0407513411731
2570 0.0493289154165
2571 0.0595261415109
2572 0.0635059620552
2573 0.0663381848375
2574 0.0691883070212
2575 0.072076618371
2576 0.0749766467096
2577 0.077950520787
2578 0.0809275848366
2579 0.0839414513401
2580 0.0869579472977
2581 0.0900044351745
2582 0.0930765604528
2583 0.0961209733924
2584 0.0992125742741
2585 0.102296949333
2586 0.105405106504
2587 0.108529185028
2588 0.111696718408
2589 0.114890925009
2590 0.118144737067
2591 0.121402241404
2592 0.124676013668
2593 0.12465798539
2594 0.123659419998
2595 0.122692761529
2596 0.121733400897
2597 0.120813244126
2598 0.119861538107
2599 0.117932773428
2600 0.109357398348
2601 0.100446081787
2602 0.0915766438494
2603 0.0826741281428
2604 0.073831651486
2605 0.065018059515
2606 0.0561904395885
2607 0.0473399938527
2608 0.0384685034829
2609 0.02960990803
2610 0.0207649549514
2611 0.0119199853694
2612 0.00307437215177
2613 -0.00579544626576
2614 -0.0146131941123
2615 -0.0234605341938
2616 -0.032265536855
2617 -0.0410860368815
2618 -0.0499175696324
2619 -0.0587488263252
2620 -0.0676154394674
2621 -0.0764742995761
2622 -0.085338903795
2623 -0.0941712512176
2624 -0.103000932578
2625 -0.11182634404
2626 -0.120651592267
2627 -0.128646725493
2628 -0.127261540943
2629 -0.12443311051
2630 -0.121621048825
2631 -0.118856432837
2632 -0.116088726498
2633 -0.113271527431
2634 -0.110447161954
2635 -0.107599845542
2636 -0.10473890836
2637 -0.101866620686
2638 -0.0989809846996
2639 -0.0960964826523
2640 -0.0932271310972
2641 -0.0903280786842
2642 -0.0874045702185
2643 -0.0844755810981
2644 -0.081565806526
2645 -0.0786580498792
2646 -0.0757335407026
2647 -0.0728068392642
2648 -0.0698366859707
2649 -0.065865895349
2650 -0.0552305250402
2651 -0.0442737777193
2652 -0.0333361432254
2653 -0.0223354114372
2654 -0.0113292040953
2655 -0.000334337042809
2656 0.0107025727679
2657 0.0217723536043
2658 0.0326829824083
2659 0.0376165708858
2660 0.0412467705471
2661 0.0448894780437
2662 0.0485473207292
2663 0.0522502599163
2664 0.0559663994846
2665 0.059736542331
2666 0.0635339114139
2667 0.0673701452854
2668 0.0712173698725
2669 0.0750825058335
2670 0.0790156025134
2671 0.0829793080423
2672 0.0869415198566
2673 0.0908953112967
2674 0.0948737490297
2675 0.0988717973945
2676 0.10286885405
2677 0.106035308403
2678 0.0998285846838
2679 0.0921807473304
2680 0.084586566082
2681 0.0770798079531
2682 0.0695782298156
2683 0.0621014465022
2684 0.0546455967994
2685 0.0472253288934
2686 0.0398348953734
2687 0.0324691414533
2688 0.0251202558872
2689 0.0177738200372
2690 0.0104468135809
2691 0.0031347190665
2692 -0.00418467658625
2693 -0.0114483417969
2694 -0.018683749754
2695 -0.0259003698525
2696 -0.0331211077187
2697 -0.0403073962265
2698 -0.0474917244214
2699 -0.0546634166539
2700 -0.0618310718358
2701 -0.0689723748655
2702 -0.0761129178351
2703 -0.0832468099034
2704 -0.0903782108468
2705 -0.0975150345327
2706 -0.104660286394
2707 -0.111745817273
2708 -0.118637299667
2709 -0.119524187529
2710 -0.119117551453
2711 -0.118724938232
2712 -0.118339993127
2713 -0.117926702549
2714 -0.117488128944
2715 -0.117034274319
2716 -0.116573695278
2717 -0.1161105681
2718 -0.115628099447
2719 -0.11513275148
2720 -0.11465342899
2721 -0.11418526555
2722 -0.113694999754
2723 -0.113169204972
2724 -0.112655471232
2725 -0.112142209491
2726 -0.111615383992
2727 -0.111059139994
2728 -0.110465137842
2729 -0.109827784055
2730 -0.109188669798
2731 -0.108572132897
2732 -0.106287012236
2733 -0.101440922194
2734 -0.0966039174658
2735 -0.0917963120322
2736 -0.0869577037664
2737 -0.0821277811307
2738 -0.0772871672424
2739 -0.0724354960244
2740 -0.0675581423953
2741 -0.0626764963617
2742 -0.0577584346556
2743 -0.0528546370549
2744 -0.0479425136
2745 -0.0430445540293
2746 -0.0381452387729
2747 -0.0332475084505
2748 -0.0283350969349
2749 -0.023408350499
2750 -0.0184805607433
2751 -0.0135551861964
2752 -0.00862825462148
2753 -0.00372168203607
2754 0.00118663811753
2755 0.00610570023441
2756 0.0110347367528
2757 0.0159037216187
2758 0.0207501711366
2759 0.0255562702528
2760 0.0303467471775
2761 0.035146264407
2762 0.0399502477775
2763 0.0447061973275
2764 0.0494308547845
2765 0.0541295702757
2766 0.0588101604479
2767 0.0634563531729
2768 0.0680948354733
2769 0.0727470372643
2770 0.0774058368454
2771 0.082081274332
2772 0.0867533802167
2773 0.0914015191517
2774 0.0960261220278
2775 0.100637516421
2776 0.105244447074
2777 0.10981617911
2778 0.114363517207
2779 0.118856999957
2780 0.123329407466
2781 0.127752163514
2782 0.130492743238
2783 0.130614148817
2784 0.130719515418
2785 0.130822818183
2786 0.130894415668
2787 0.130963811289
2788 0.131061735121
2789 0.131155668412
2790 0.131223318266
2791 0.131272537636
2792 0.131298477801
2793 0.131315116607
2794 0.131322513766
2795 0.1313108101
2796 0.131289349578
2797 0.131240988989
2798 0.130955970937
2799 0.124464658857
2800 0.11693622266
2801 0.109427201755
2802 0.101908495108
2803 0.0943774963722
2804 0.0868152910609
2805 0.0792361033716
2806 0.0716346227852
2807 0.0640526454081
2808 0.0564859766564
2809 0.0489400842821
2810 0.0413998135923
2811 0.0338335334225
2812 0.0262495963324
2813 0.0186632824416
2814 0.0110677257034
2815 0.00346846558489
2816 -0.00416846987159
2817 -0.0118042881927
2818 -0.0194795567257
2819 -0.0271984493501
2820 -0.0349667059751
2821 -0.042755294584
2822 -0.0505466431744
2823 -0.0583741631859
2824 -0.066197276469
2825 -0.0740721260525
2826 -0.0819671359837
2827 -0.0899020234169
2828 -0.0978618515049
2829 -0.105833653916
2830 -0.11377974511
2831 -0.121683382759
2832 -0.124896416226
2833 -0.125014615329
2834 -0.125173020804
2835 -0.125333772174
2836 -0.125515659696
2837 -0.125701664386
2838 -0.125923669162
2839 -0.126167264986
2840 -0.126429905523
2841 -0.126731305526
2842 -0.127059533881
2843 -0.12741008424
2844 -0.127773110328
2845 -0.12814626745
2846 -0.128532686766
2847 -0.128944262482
2848 -0.129141214979
2849 -0.123173006713
2850 -0.116183916154
2851 -0.109230621937
2852 -0.102279946971
2853 -0.0953329480802
2854 -0.0883700410374
2855 -0.0814102246459
2856 -0.0744428076529
2857 -0.0675127503314
2858 -0.0605944836941
2859 -0.0536957337689
2860 -0.046812808878
2861 -0.0399240174509
2862 -0.0330378593787
2863 -0.0261520700843
2864 -0.0192747806806
2865 -0.0124007973736
2866 -0.0054931763793
2867 0.00143560597356
2868 0.0083826036643
2869 0.0153414343482
2870 0.0223252906048
2871 0.0293019345418
2872 0.0362623078507
2873 0.0432535321597
2874 0.050221591288
2875 0.0572370946124
2876 0.0642618146788
2877 0.0713292289406
2878 0.0783955137644
2879 0.0854948067428
2880 0.0925524347427
2881 0.0996065129946
2882 0.101979445957
2883 0.101303585958
2884 0.100676102751
2885 0.100057177947
2886 0.0994497131579
2887 0.0988432184731
2888 0.098248901254
2889 0.0976677042993
2890 0.0971086577115
2891 0.0965762510366
2892 0.0960163474683
2893 0.095460549365
2894 0.0948768915918
2895 0.0943002751022
2896 0.093693038361
2897 0.0930908114754
2898 0.0924266293362
2899 0.0917590408794
2900 0.0910449219188
2901 0.0903407887621
2902 0.089605992445
2903 0.0888653463953
2904 0.0880432736895
2905 0.0872254225732
2906 0.0863877525811
2907 0.0855407101144
2908 0.0846521043905
2909 0.0837456566074
2910 0.0828110496913
2911 0.0818384682742
2912 0.0808244094181
2913 0.0768795863996
2914 0.0721857031265
2915 0.0674713168336
2916 0.0627380175559
2917 0.0579523062352
2918 0.0531542761191
2919 0.0483279287366
2920 0.0434896061311
2921 0.0386007345752
2922 0.0337116484741
2923 0.0287812811753
2924 0.0238743236087
2925 0.0189158706925
2926 0.0139490745183
2927 0.00889544154816
2928 0.00386112634815
2929 -0.00120177677516
2930 -0.00625347763822
2931 -0.0113253082425
2932 -0.0164073424966
2933 -0.021505728696
2934 -0.026635765564
2935 -0.0318238382598
2936 -0.0370235543088
2937 -0.0422406983297
2938 -0.0475077350627
2939 -0.0527943455198
2940 -0.058222892182
2941 -0.0707701798203
2942 -0.0953923019537
2943 -0.128424194575
2944 -0.156819532503
2945 -0.187781611527
2946 -0.211685006629
2947 -0.227528614782
2948 -0.237652938716
2949 -0.255399253758
2950 -0.269893957706
2951 -0.278908974916
2952 -0.294925300959
2953 -0.306149567845
2954 -0.317459519284
2955 -0.336398511216
2956 -0.347908760856
2957 -0.356795562552
2958 -0.371895581036
2959 -0.381553503502
2960 -0.395920874121
2961 -0.408593972266
2962 -0.41768357139
2963 -0.428526275015
2964 -0.431805268379
2965 -0.441164204251
2966 -0.450780817614
2967 -0.456196301624
2968 -0.467552433692
2969 -0.472658265961
2970 -0.481761318119
2971 -0.488749927077
2972 -0.496365026333
2973 -0.505513383837
2974 -0.508019690701
2975 -0.516725905048
2976 -0.522511133561
2977 -0.528084732885
2978 -0.534421157731
2979 -0.537061193471
2980 -0.545732740014
2981 -0.54821769888
2982 -0.555716769389
2983 -0.562622080497
2984 -0.564514668954
2985 -0.573957913589
2986 -0.580657525057
2987 -0.583358671972
2988 -0.593656850737
2989 -0.599266176488
2990 -0.597723260405
2991 -0.59601925058
2992 -0.588004303879
2993 -0.563998457591
2994 -0.547457316472
2995 -0.528785957529
2996 -0.513081097109
2997 -0.510975022371
2998 -0.507944238303
2999 -0.501003841403
3000 -0.495730654875
3001 -0.496698702636
3002 -0.492457468034
3003 -0.486813595704
3004 -0.487419894447
3005 -0.477718325385
3006 -0.47272096087
3007 -0.477840488024
3008 -0.472838780394
3009 -0.468178536008
3010 -0.46602271379
3011 -0.463162223101
3012 -0.459917765514
3013 -0.458128305485
3014 -0.457553995281
3015 -0.454830390434
3016 -0.447930197805
3017 -0.446925134544
3018 -0.441832577373
3019 -0.4331248171
3020 -0.420027452064
3021 -0.409021693617
3022 -0.397405227597
3023 -0.384245243267
3024 -0.377728168659
3025 -0.364988207425
3026 -0.355159273228
3027 -0.345517755818
3028 -0.335119180101
3029 -0.328389825166
3030 -0.315613346238
3031 -0.309004426779
3032 -0.297365441314
3033 -0.286305121471
3034 -0.280243573139
3035 -0.266577240225
3036 -0.255654068778
3037 -0.248718273948
3038 -0.234181341504
3039 -0.224318452452
3040 -0.221533288135
3041 -0.211810692442
3042 -0.196293511065
3043 -0.188343793007
3044 -0.177532056039
3045 -0.166294902518
3046 -0.159108354006
3047 -0.146372690518
3048 -0.140218765473
3049 -0.130348113065
3050 -0.122007116167
3051 -0.112913558729
3052 -0.10200575277
3053 -0.0972572332055
3054 -0.0860636152273
3055 -0.0775496399838
3056 -0.0717304138278
3057 -0.0583958788213
3058 -0.0495233451197
3059 -0.052366579172
3060 -0.0565892008531
3061 -0.071914923891
3062 -0.0942009794292
3063 -0.0993185726754
3064 -0.0990925638566
3065 -0.0941287020007
3066 -0.101203453408
3067 -0.103013559287
3068 -0.101348213208
3069 -0.115715363881
3070 -0.124957561656
3071 -0.137131136156
3072 -0.14565726606
3073 -0.159501814623
3074 -0.166969382995
3075 -0.176855151867
3076 -0.193798193165
3077 -0.203749788706
3078 -0.214761481804
3079 -0.227882379898
3080 -0.235240411691
3081 -0.250418022023
3082 -0.262457810934
3083 -0.271022355532
3084 -0.28637233268
3085 -0.296017863436
3086 -0.310154667576
3087 -0.323303160384
3088 -0.331320251637
3089 -0.346702604106
3090 -0.357926558926
3091 -0.368825053174
3092 -0.386695048275
3093 -0.398527877881
3094 -0.407935330975
3095 -0.425344844975
3096 -0.437960900952
3097 -0.449896946965
3098 -0.466055833496
3099 -0.476857801726
3100 -0.494389670585
3101 -0.508617505985
3102 -0.51947617059
3103 -0.538270077634
3104 -0.553310431096
3105 -0.563910670903
3106 -0.58278950424
3107 -0.600475991176
3108 -0.612586391877
3109 -0.620013753278
3110 -0.62514860316
3111 -0.61802694767
3112 -0.603654795543
3113 -0.600233024597
3114 -0.618245732166
3115 -0.636487982699
3116 -0.64350019313
3117 -0.651544158945
3118 -0.658463046113
3119 -0.657542608182
3120 -0.666185644218
3121 -0.678089782349
3122 -0.692626840219
3123 -0.701296590884
3124 -0.716332697401
3125 -0.729150197972
3126 -0.735580057705
3127 -0.750321390815
3128 -0.765296480977
3129 -0.780668683808
3130 -0.804082069368
3131 -0.817674177143
3132 -0.836599539603
3133 -0.857736091348
3134 -0.87233575741
3135 -0.89252147842
3136 -0.907620059601
3137 -0.926259614843
3138 -0.947044044498
3139 -0.963964393514
3140 -0.984102806557
3141 -1.0
3142 -0.987209701661
3143 -0.96059422894
3144 -0.917488709866
3145 -0.876843934256
3146 -0.854110817525
3147 -0.83218738839
3148 -0.806068697338
3149 -0.785315769821
3150 -0.757859612973
3151 -0.73370200311
3152 -0.712923561217
3153 -0.684235536822
3154 -0.659338823234
3155 -0.638881442987
3156 -0.610167937223
3157 -0.582655785578
3158 -0.56031586269
3159 -0.544998568428
3160 -0.527620899058
3161 -0.51379730631
3162 -0.504204217603
3163 -0.49469875606
3164 -0.474702434955
3165 -0.45527376145
3166 -0.438953121789
3167 -0.425137705764
3168 -0.414056199957
3169 -0.404641403116
3170 -0.391173517013
3171 -0.371508572227
3172 -0.352845777688
3173 -0.3347233439
3174 -0.316618244464
3175 -0.298308428696
3176 -0.279341515281
3177 -0.259016687962
3178 -0.237400980862
3179 -0.213301574262
3180 -0.186943713019
3181 -0.162613377763
3182 -0.13610463693
3183 -0.110899582877
3184 -0.0854331767577
3185 -0.0601147243117
3186 -0.035397073451
3187 -0.00815415953249
3188 0.01611493432
3189 0.0438616567879
3190 0.0707072194869
3191 0.0929771448266
3192 0.0935196471285
3193 0.0741643966934
3194 0.0358788591604
3195 0.00803843895086
3196 -0.00669249276807
3197 -0.0213300028036
3198 -0.0359471325451
3199 -0.0506070978119
3200 -0.0652494640706
3201 -0.0799046268254
3202 -0.0945404637085
3203 -0.109219176925
3204 -0.123891124617
3205 -0.138616748217
3206 -0.153334726807
3207 -0.165298670538
3208 -0.17227234985
3209 -0.170270430058
3210 -0.164007117416
3211 -0.157733747254
3212 -0.151465714617
3213 -0.145220731637
3214 -0.138980240303
3215 -0.132734225105
3216 -0.126515981958
3217 -0.120308484076
3218 -0.114091388671
3219 -0.107847722368
3220 -0.101592278884
3221 -0.0953150466084
3222 -0.0890295571935
3223 -0.0827172412264
3224 -0.0764083303768
3225 -0.0700814178342
3226 -0.0637569973168
3227 -0.0574144889883
3228 -0.0510479443956
3229 -0.0446556480771
3230 -0.0382519028464
3231 -0.0318241900659
3232 -0.0253954891772
3233 -0.0189295018325
3234 -0.0124535718929
3235 -0.00594566151521
3236 0.000561245451049
3237 0.00709284762044
3238 0.0136257235582
3239 0.0201893772807
3240 0.026766680579
3241 0.0333535135852
3242 0.0399482745618
3243 0.0465343646114
3244 0.053124972713
3245 0.0597131235969
3246 0.0663000874306
3247 0.0729176967212
3248 0.0795159204273
3249 0.0861301390035
3250 0.0927339135792
3251 0.0993434106606
3252 0.105922462427
3253 0.112520728142
3254 0.11908701522
3255 0.125693507168
3256 0.132260136317
3257 0.136072324022
3258 0.135068464915
3259 0.134063389652
3260 0.133051231396
3261 0.132078164777
3262 0.128427444092
3263 0.120016436743
3264 0.111588161956
3265 0.103178300849
3266 0.0948189160767
3267 0.0864697217516
3268 0.0781230731628
3269 0.0697476113032
3270 0.0613696286125
3271 0.0529579935315
3272 0.0445371603125
3273 0.0361028485536
3274 0.027640820255
3275 0.0191540106351
3276 0.0106365243519
3277 0.00211438828893
3278 -0.00644404852236
3279 -0.0150078213579
3280 -0.0236244632327
3281 -0.0322524796039
3282 -0.040884861595
3283 -0.049515956615
3284 -0.0581478507033
3285 -0.06678415152
3286 -0.0754090349312
3287 -0.0840507881968
3288 -0.0926840853807
3289 -0.101351622779
3290 -0.110022705724
3291 -0.118712935103
3292 -0.127198792022
3293 -0.126944279598
3294 -0.123953666494
3295 -0.120967330491
3296 -0.117981512397
3297 -0.114978579297
3298 -0.111942038516
3299 -0.108866534826
3300 -0.105773361613
3301 -0.102661758517
3302 -0.0995127549404
3303 -0.0963351214321
3304 -0.0931161074051
3305 -0.0898483469076
3306 -0.0865294892442
3307 -0.0832202345041
3308 -0.0798783703934
3309 -0.076493711266
3310 -0.0730484273654
3311 -0.0695596763064
3312 -0.0633459395094
3313 -0.0523227407875
3314 -0.0411930481281
3315 -0.0300492777025
3316 -0.0188354221104
3317 -0.00757950305582
3318 0.00373443622331
3319 0.0151088823509
3320 0.0263125754018
3321 0.0310716877982
3322 0.0344974810923
3323 0.0379182102194
3324 0.0413888614648
3325 0.0449258302829
3326 0.0485234667833
3327 0.0521463860107
3328 0.055801726769
3329 0.059467270277
3330 0.0632187182846
3331 0.0670012132336
3332 0.0707933246087
3333 0.0745810436584
3334 0.0783681199727
3335 0.0821598463667
3336 0.0859462925482
3337 0.0897478220076
3338 0.093545544565
3339 0.097370252408
3340 0.101190178443
3341 0.105044130448
3342 0.108682392508
3343 0.103607356028
3344 0.0957994109411
3345 0.0880298091326
3346 0.0802511952253
3347 0.0724565249351
3348 0.0646594556393
3349 0.0568690810542
3350 0.0490531947938
3351 0.0412353476203
3352 0.0334233231737
3353 0.0256176105568
3354 0.0178134582688
3355 0.00998884316932
3356 0.00218473048961
3357 -0.00559030816439
3358 -0.0133559575401
3359 -0.0211296324068
3360 -0.028885497321
3361 -0.0366775615622
3362 -0.0444729171968
3363 -0.0522460939585
3364 -0.0600365261558
3365 -0.0678157116836
3366 -0.075621882797
3367 -0.0834267537365
3368 -0.0912343417484
3369 -0.0990717050338
3370 -0.106735639279
3371 -0.107902667245
3372 -0.107701564874
3373 -0.107433886875
3374 -0.107141499271
3375 -0.106864380084
3376 -0.106586087949
3377 -0.106295518728
3378 -0.105993545604
3379 -0.105641106947
3380 -0.105285835094
3381 -0.104908457583
3382 -0.104493348922
3383 -0.104046218714
3384 -0.103582348579
3385 -0.103073550879
3386 -0.102536766581
3387 -0.101936754162
3388 -0.101316296636
3389 -0.100648393413
3390 -0.0999590845794
3391 -0.0992066910546
3392 -0.0984238084059
3393 -0.0975522288693
3394 -0.0966620493138
3395 -0.0957075818132
3396 -0.0947176747458
3397 -0.0936598450674
3398 -0.0925870950454
3399 -0.0914599579644
3400 -0.0902648691663
3401 -0.0890146821594
3402 -0.0877328885932
3403 -0.0849667841116
3404 -0.080050656313
3405 -0.0751165820331
3406 -0.070164352128
3407 -0.0651923756624
3408 -0.0601631687387
3409 -0.0551420893274
3410 -0.0500846797615
3411 -0.0450068673969
3412 -0.039886959463
3413 -0.0347785991622
3414 -0.0296364877502
3415 -0.0245064508822
3416 -0.0193249063618
3417 -0.0141472929697
3418 -0.00892076177098
3419 -0.00367288347451
3420 0.00166648199776
3421 0.00701108327318
3422 0.0123672612877
3423 0.0176985277536
3424 0.0230995607188
3425 0.0285124407802
3426 0.0339674176111
3427 0.0394435954089
3428 0.044948574775
3429 0.050443524528
3430 0.0559467170176
3431 0.0614585249224
3432 0.0669676127542
3433 0.0725216719612
3434 0.0780797502149
3435 0.0836786628722
3436 0.0892801806784
3437 0.0948784481998
3438 0.100479106625
3439 0.106078950978
3440 0.111692602141
3441 0.117302033515
3442 0.122955348234
3443 0.128590034429
3444 0.134298864745
3445 0.139997192548
3446 0.145738903793
3447 0.15146501625
3448 0.157240852184
3449 0.163003423523
3450 0.168805225428
3451 0.178798595771
3452 0.198647335282
3453 0.215111130425
3454 0.219611610649
3455 0.22727619393
3456 0.239077672931
3457 0.244090493102
3458 0.254055816236
3459 0.258869318212
3460 0.267310821586
3461 0.273922171558
3462 0.279086206789
3463 0.287736762409
3464 0.295643383887
3465 0.302929528034
3466 0.308041089409
3467 0.318650780308
3468 0.321287767105
3469 0.32746267212
3470 0.337952459255
3471 0.340135041412
3472 0.347230178815
3473 0.353886658296
3474 0.358324552533
3475 0.367894837935
3476 0.370890650535
3477 0.378532025127
3478 0.382456862866
3479 0.390469030382
3480 0.393864923876
3481 0.400870013207
3482 0.403348247356
3483 0.410366696101
3484 0.415843618955
3485 0.418162900614
3486 0.425560659278
3487 0.429343862376
3488 0.437142191037
3489 0.440103063075
3490 0.446461716605
3491 0.448313168195
3492 0.455980060763
3493 0.457224966957
3494 0.460417011002
3495 0.466962734146
3496 0.469793385047
3497 0.474854448183
3498 0.475742270742
3499 0.481742390131
3500 0.48273681315
3501 0.484321240579
3502 0.470320167637
3503 0.459076661898
3504 0.46518500689
3505 0.46559873646
3506 0.454622078744
3507 0.456505174101
3508 0.453265849995
3509 0.453563861984
3510 0.449127017968
3511 0.444652880294
3512 0.448089565583
3513 0.442075791517
3514 0.436824467894
3515 0.438354205201
3516 0.434514703041
3517 0.426521755475
3518 0.432797480532
3519 0.429212637227
3520 0.421401764723
3521 0.427805280406
3522 0.421781499231
3523 0.41768351031
3524 0.421876868625
3525 0.415048809994
3526 0.413024165514
3527 0.412362397083
3528 0.409818156227
3529 0.402356107818
3530 0.40600667397
3531 0.402306070475
3532 0.403859593793
3533 0.399956945129
3534 0.398437361962
3535 0.397475054409
3536 0.395426072701
3537 0.395369186715
3538 0.385043600326
3539 0.385816797234
3540 0.386668406663
3541 0.386510901078
3542 0.384817464281
3543 0.383143304745
3544 0.382377891477
3545 0.37993639947
3546 0.375375391993
3547 0.373735639507
3548 0.378004413612
3549 0.371899558356
3550 0.375522971787
3551 0.368871677399
3552 0.370480481965
3553 0.374298254146
3554 0.364122893659
3555 0.361521102477
3556 0.367496059765
3557 0.35901383106
3558 0.355349018506
3559 0.359264864551
3560 0.359199863656
3561 0.358125745346
3562 0.356393900456
3563 0.357590410054
3564 0.357284996405
3565 0.355782117758
3566 0.355146427821
3567 0.355441041595
3568 0.352277982157
3569 0.351840891465
3570 0.353910918407
3571 0.34746039452
3572 0.350703434309
3573 0.348361968677
3574 0.344226836429
3575 0.342302970882
3576 0.344464345771
3577 0.34053077019
3578 0.335553683948
3579 0.336153018224
3580 0.335323148375
3581 0.335030467909
3582 0.329812281469
3583 0.330386430839
3584 0.326846748549
3585 0.326274574795
3586 0.32453150274
3587 0.320520739197
3588 0.327547622569
3589 0.323617312126
3590 0.314085756244
3591 0.315353231694
3592 0.315378376992
3593 0.315058957592
3594 0.315670460932
3595 0.313854457911
3596 0.313238036235
3597 0.312684676145
3598 0.31341817949
3599 0.30958631814
3600 0.302324870156
3601 0.306194923553
3602 0.311431404248
3603 0.307322838398
3604 0.312355520354
3605 0.30964716412
3606 0.302398897853
3607 0.3092704586
3608 0.314279621
3609 0.30436780328
3610 0.301798562356
3611 0.307802809415
3612 0.303948837906
3613 0.301573684776
3614 0.306356883067
3615 0.300794510309
3616 0.301702791178
3617 0.30396375675
3618 0.299562157859
3619 0.301549612204
3620 0.296943823292
3621 0.299817533565
3622 0.297485362091
3623 0.301929921333
3624 0.296849596899
3625 0.295967350715
3626 0.299175566667
3627 0.303041682034
3628 0.306033697634
3629 0.309094513229
3630 0.308850419
3631 0.30309671648
3632 0.306079162763
3633 0.310581260328
3634 0.312956776235
3635 0.312111960237
3636 0.314263784414
3637 0.31449571528
3638 0.312626148574
3639 0.319167613971
3640 0.319040042633
3641 0.316600628263
3642 0.317860428695
3643 0.321136819911
3644 0.318579054005
3645 0.32272252501
3646 0.326696496602
3647 0.328724160318
3648 0.324880692523
3649 0.330621718722
3650 0.339313244015
3651 0.334234397332
3652 0.329274698853
3653 0.335579436424
3654 0.331180038497
3655 0.333075580476
3656 0.342677684282
3657 0.338580465022
3658 0.336249321865
3659 0.343516794938
3660 0.345320950262
3661 0.345975643202
3662 0.346167518329
3663 0.353024135177
3664 0.347324267449
3665 0.349388185104
3666 0.357076679524
3667 0.354207967704
3668 0.359327482855
3669 0.359720225103
3670 0.361200901173
3671 0.364751969361
3672 0.364993252598
3673 0.365157057111
3674 0.374120484691
3675 0.375982406987
3676 0.37762503708
3677 0.374514808273
3678 0.379617421763
3679 0.379093767932
3680 0.378025657188
3681 0.389601628025
3682 0.38838044633
3683 0.386148423056
3684 0.39219825932
3685 0.393535236613
3686 0.395272176576
3687 0.400081766028
3688 0.402350926926
3689 0.402511772815
3690 0.407763999028
3691 0.414113711274
3692 0.408668396479
3693 0.415514828581
3694 0.420696227271
3695 0.415383673948
3696 0.423326669989
3697 0.426330866956
3698 0.425751738937
3699 0.431659386043
3700 0.427985830547
3701 0.435204509079
3702 0.442971974137
3703 0.438927129413
3704 0.445938679704
3705 0.450627998716
3706 0.447164188912
3707 0.458128793688
3708 0.45819111862
3709 0.459519896085
3710 0.466972439091
3711 0.463626269073
3712 0.471426441323
3713 0.472340718955
3714 0.477550943518
3715 0.484775040592
3716 0.482150075528
3717 0.493037824511
3718 0.494634941014
3719 0.497745517894
3720 0.50851381711
3721 0.506295974824
3722 0.515542118131
3723 0.522747266213
3724 0.520835407395
3725 0.532460332197
3726 0.536462671466
3727 0.538992367958
3728 0.546730278289
3729 0.555894965234
3730 0.55845519916
3731 0.558410030643
3732 0.573464898613
3733 0.578989284568
3734 0.577472675028
3735 0.589076560297
3736 0.593601363646
3737 0.597208942141
3738 0.605877966652
3739 0.613749909223
3740 0.622019869154
3741 0.624362618758
3742 0.636787944199
3743 0.639454426011
3744 0.644939521688
3745 0.660263756412
3746 0.665865396644
3747 0.671907037581
3748 0.683253322175
3749 0.688032537127
3750 0.697729306679
3751 0.701513457977
3752 0.685973963898
3753 0.671904590866
3754 0.650809624283
3755 0.624383563471
3756 0.597543778489
3757 0.560665153384
3758 0.526062830082
3759 0.485756327744
3760 0.449279346263
3761 0.41812016621
3762 0.381073448689
3763 0.36055108525
3764 0.356160778279
3765 0.346965807454
3766 0.338039654207
3767 0.318501708179
3768 0.299981329646
3769 0.277846520975
3770 0.251806756153
3771 0.242243429067
3772 0.225054559475
3773 0.203262711064
3774 0.185527267912
3775 0.169866230226
3776 0.153533189252
3777 0.138744733013
3778 0.114186094655
3779 0.094584159845
3780 0.0796949807843
3781 0.0617181997844
3782 0.0389003061911
3783 0.0204796716739
3784 0.00689317958158
3785 -0.0153869755134
3786 -0.0304812492863
3787 -0.0441543162795
3788 -0.0671049143328
3789 -0.0940259504336
3790 -0.109722901187
3791 -0.123303596838
3792 -0.145957807444
3793 -0.17002605548
3794 -0.190402281828
3795 -0.215015819753
3796 -0.241516270439
3797 -0.261365447142
3798 -0.282637673072
3799 -0.306501774595
3800 -0.323911824268
3801 -0.3406974569
3802 -0.346552451312
3803 -0.34206873502
3804 -0.333735933269
3805 -0.325404074796
3806 -0.312418618038
3807 -0.28880233723
3808 -0.264776525815
3809 -0.241012946972
3810 -0.227435107202
3811 -0.208199413357
3812 -0.190999739989
3813 -0.185005249486
3814 -0.191080956241
3815 -0.200814193676
3816 -0.209395061053
3817 -0.20862881931
3818 -0.206751340837
3819 -0.200428732701
3820 -0.19189203127
3821 -0.197818863668
3822 -0.202330546752
3823 -0.194382933998
3824 -0.187474615057
3825 -0.193640506173
3826 -0.201776486675
3827 -0.20160422398
3828 -0.19239565534
3829 -0.192352201385
3830 -0.195699369413
3831 -0.198269087437
3832 -0.193847688275
3833 -0.192437620982
3834 -0.195756815617
3835 -0.198866086921
3836 -0.199169178201
3837 -0.197991806576
3838 -0.196822605732
3839 -0.196555966553
3840 -0.200895804631
3841 -0.20378008055
3842 -0.20575422079
3843 -0.197755774565
3844 -0.194756113223
3845 -0.196918277278
3846 -0.196393866087
3847 -0.196614941266
3848 -0.198123411592
3849 -0.196010485271
3850 -0.196568801565
3851 -0.198657359212
3852 -0.197791242926
3853 -0.197163230528
3854 -0.200160041018
3855 -0.200779876213
3856 -0.197037351486
3857 -0.204076465585
3858 -0.20601085852
3859 -0.201791510408
3860 -0.198261262106
3861 -0.199057027369
3862 -0.195457317432
3863 -0.198967288962
3864 -0.203618211884
3865 -0.201063434907
3866 -0.19958690061
3867 -0.201889191489
3868 -0.199210277158
3869 -0.201147150746
3870 -0.201994379252
3871 -0.201001342225
3872 -0.201360033299
3873 -0.205184252279
3874 -0.210975743111
3875 -0.209237077785
3876 -0.20433259724
3877 -0.207540474121
3878 -0.211390205286
3879 -0.215215544762
3880 -0.210245189658
3881 -0.206218737309
3882 -0.215467487565
3883 -0.215735704477
3884 -0.211294323954
3885 -0.209095174407
3886 -0.219920394296
3887 -0.222542947452
3888 -0.222648769248
3889 -0.222828702159
3890 -0.218729312242
3891 -0.217268065506
3892 -0.217799499676
3893 -0.227436630161
3894 -0.227779611557
3895 -0.227520880544
3896 -0.228878141511
3897 -0.231437517556
3898 -0.233868748302
3899 -0.231269013694
3900 -0.23524632655
3901 -0.234625279099
3902 -0.232014568838
3903 -0.238927074741
3904 -0.237904841563
3905 -0.23740548025
3906 -0.239997855448
3907 -0.23884016803
3908 -0.243312858349
3909 -0.243396575568
3910 -0.240663125947
3911 -0.243334282143
3912 -0.246402920327
3913 -0.241759920725
3914 -0.241821806664
3915 -0.249088409193
3916 -0.244890343936
3917 -0.2434900359
3918 -0.249006394563
3919 -0.246133428147
3920 -0.249667144579
3921 -0.249132696574
3922 -0.246114395136
3923 -0.252159078715
3924 -0.247052517593
3925 -0.246677413241
3926 -0.250458322056
3927 -0.250429070092
3928 -0.247941615151
3929 -0.246532120679
3930 -0.253726260521
3931 -0.251046462263
3932 -0.246120885474
3933 -0.251999234407
3934 -0.255492385263
3935 -0.250343897507
3936 -0.246383023375
3937 -0.253825388236
3938 -0.252437103433
3939 -0.248568734891
3940 -0.254924756267
3941 -0.25629586101
3942 -0.257148063964
3943 -0.251295654897
3944 -0.253761360206
3945 -0.254802959165
3946 -0.250116070965
3947 -0.25340147218
3948 -0.248903582701
3949 -0.2523868261
3950 -0.254169546708
3951 -0.252191550957
3952 -0.255650598457
3953 -0.258580016668
3954 -0.277121182981
3955 -0.295407430283
3956 -0.315295563593
3957 -0.33483592213
3958 -0.349909285997
3959 -0.371289703263
3960 -0.391008986197
3961 -0.405587434789
3962 -0.422697043041
3963 -0.443456024184
3964 -0.459655907902
3965 -0.471591006556
3966 -0.490512077062
3967 -0.508016307098
3968 -0.520411798754
3969 -0.536498881805
3970 -0.550152558053
3971 -0.565360442663
3972 -0.580243832004
3973 -0.590734822393
3974 -0.60763808941
3975 -0.622962154418
3976 -0.632875988203
3977 -0.642416257081
3978 -0.658733319238
3979 -0.670045738697
3980 -0.677157162031
3981 -0.692056905958
3982 -0.704489254379
3983 -0.712222981829
3984 -0.722764317905
3985 -0.736457371149
3986 -0.74487749982
3987 -0.749167695738
3988 -0.76174570565
3989 -0.779830925597
3990 -0.795567157927
3991 -0.815190949042
3992 -0.829949841252
3993 -0.848513000398
3994 -0.865741731588
3995 -0.880505746778
3996 -0.89883466277
3997 -0.912408085609
3998 -0.929703461441
3999 -0.944265346543
4000 -0.945084060041
4001 -0.932355300168
4002 -0.904038518492
4003 -0.871229284783
4004 -0.82697537575
4005 -0.780792942388
4006 -0.73491803182
4007 -0.689453628743
4008 -0.644351894078
4009 -0.602443033132
4010 -0.57876256748
4011 -0.564948034841
4012 -0.551345286824
4013 -0.538260955034
4014 -0.525435481783
4015 -0.512788915228
4016 -0.500637254946
4017 -0.488666388756
4018 -0.476976345734
4019 -0.465817558645
4020 -0.447105955222
4021 -0.413643936976
4022 -0.365749540914
4023 -0.319033490122
4024 -0.271302718535
4025 -0.225865429171
4026 -0.178651681517
4027 -0.133868770027
4028 -0.0982578220136
4029 -0.0685030968715
4030 -0.0429125200905
4031 -0.00949125042952
4032 0.0219794852657
4033 0.0482043386849
4034 0.0787305953841
4035 0.108742858788
4036 0.136720753562
4037 0.169633584098
4038 0.19913386463
4039 0.233503154034
4040 0.274042730479
4041 0.309778663826
4042 0.34683014035
4043 0.386250754036
4044 0.420523960195
4045 0.459436659868
4046 0.497644835101
4047 0.530346643176
4048 0.565312149198
4049 0.600585691122
4050 0.619490562265
4051 0.628651183352
4052 0.625854894191
4053 0.617628660973
4054 0.605276114366
4055 0.601142443426
4056 0.596866482507
4057 0.587466461979
4058 0.577990489448
4059 0.578656404753
4060 0.592717341988
4061 0.611502769965
4062 0.637301185536
4063 0.664876875568
4064 0.687198194536
4065 0.702001611027
4066 0.713132139363
4067 0.724355875137
4068 0.73560979547
4069 0.746896657044
4070 0.745891731813
4071 0.7268128192
4072 0.692925153772
4073 0.659873994091
4074 0.625487772121
4075 0.593050736232
4076 0.558461922076
4077 0.526007121244
4078 0.502489547733
4079 0.484428341545
4080 0.4701619407
4081 0.447845267911
4082 0.427014714038
4083 0.411232195756
4084 0.390896545757
4085 0.37067515173
4086 0.352292133139
4087 0.32875468794
4088 0.309650031104
4089 0.292803503641
4090 0.270046858353
4091 0.251859463878
4092 0.232041772209
4093 0.209628171798
4094 0.192167389116
4095 0.169637373177
4096 0.147694824013
4097 0.130979154122
4098 0.111618030849
4099 0.0914246282206
4100 0.075305917605
4101 0.0510379534906
4102 0.0274326054854
4103 0.00987145405614
4104 0.00261075377015
4105 -0.0125662585353
4106 -0.0275880685405
4107 -0.0374867281287
4108 -0.0472868064464
4109 -0.0642262850929
4110 -0.0767571877789
4111 -0.0843015678345
4112 -0.0988436649671
4113 -0.11514513809
4114 -0.126172658322
4115 -0.129713779415
4116 -0.129571555449
4117 -0.12951854328
4118 -0.129484489705
4119 -0.129457375992
4120 -0.124948040002
4121 -0.117448921183
4122 -0.109979905006
4123 -0.10248151564
4124 -0.0949856303024
4125 -0.087509976427
4126 -0.0800449240852
4127 -0.0725924494936
4128 -0.0651741860099
4129 -0.0577721316415
4130 -0.0503563691848
4131 -0.0429223220757
4132 -0.0354578413544
4133 -0.0279766069032
4134 -0.020455750904
4135 -0.0129308767581
4136 -0.0054207405175
4137 0.00208518853671
4138 0.0096063998108
4139 0.0171282556207
4140 0.0246336133545
4141 0.0321501745489
4142 0.0396660645018
4143 0.0471947872585
4144 0.0546993432234
4145 0.0621916533082
4146 0.0696436129914
4147 0.0770801053157
4148 0.0844693373826
4149 0.0918475274229
4150 0.0992014798566
4151 0.106550994355
4152 0.113896213449
4153 0.120374705628
4154 0.120653786929
4155 0.120641195076
4156 0.120655000985
4157 0.120701645212
4158 0.120756444258
4159 0.12081905665
4160 0.120890738753
4161 0.120994871193
4162 0.121067498195
4163 0.121124372178
4164 0.12114749505
4165 0.121165807909
4166 0.121160369563
4167 0.121153642145
4168 0.121162741263
4169 0.121174617765
4170 0.121196882456
4171 0.121219559734
4172 0.121248176163
4173 0.121263414874
4174 0.121286866615
4175 0.121330865185
4176 0.121373861244
4177 0.121425887406
4178 0.121500219067
4179 0.121593908407
4180 0.121695853386
4181 0.121800302993
4182 0.121884794795
4183 0.118044548478
4184 0.10964023674
4185 0.101191685481
4186 0.0927369391167
4187 0.0842654426232
4188 0.0757611858273
4189 0.0672304034426
4190 0.05869749481
4191 0.050144816812
4192 0.0415977667999
4193 0.0330575219215
4194 0.0245413736202
4195 0.0160356840224
4196 0.00753864614751
4197 -0.000987282714544
4198 -0.00950027555106
4199 -0.0180076004934
4200 -0.026515885638
4201 -0.0350389864042
4202 -0.0435699908356
4203 -0.0520904828522
4204 -0.0606128514641
4205 -0.069167565091
4206 -0.0777350632114
4207 -0.0863241652837
4208 -0.0947404930534
4209 -0.0942415983393
4210 -0.0909794865319
4211 -0.0877605007109
4212 -0.0845543326906
4213 -0.0813201501677
4214 -0.0780686272914
4215 -0.0748105228283
4216 -0.0715259491883
4217 -0.0682257788623
4218 -0.0649329042733
4219 -0.0616160669356
4220 -0.0582946947424
4221 -0.0549440867894
4222 -0.0515855691699
4223 -0.0482004824524
4224 -0.0448182694405
4225 -0.0414502818257
4226 -0.0381069149983
4227 -0.0347803454101
4228 -0.0314761002255
4229 -0.0281816809111
4230 -0.0249220041167
4231 -0.0216713124155
4232 -0.0184255855603
4233 -0.0112766705268
4234 0.000378877227159
4235 0.0120564856292
4236 0.0208969062528
4237 0.0248251707145
4238 0.0286850069589
4239 0.0325386324946
4240 0.0364016254041
4241 0.0402446401042
4242 0.0440685773848
4243 0.0478434282233
4244 0.0516175190015
4245 0.0553911515833
4246 0.0591707431206
4247 0.0629773496497
4248 0.0668016842141
4249 0.0706346858045
4250 0.0744414330633
4251 0.0782435926555
4252 0.0820346021985
4253 0.0858160979369
4254 0.0904397620309
4255 0.0824594895444
4256 0.0664391850374
4257 0.0530478422761
4258 0.0404021340376
4259 0.0203294352768
4260 0.0137498986079
4261 0.0074211241431
4262 0.00113654241944
4263 -0.0054658954046
4264 -0.0117602424233
4265 -0.0182862097054
4266 -0.0246952391244
4267 -0.0307712352004
4268 -0.0372935563018
4269 -0.0438486766013
4270 -0.0501225960452
4271 -0.0568573921763
4272 -0.0633183255228
4273 -0.0695219181201
4274 -0.0760533165799
4275 -0.0826802538983
4276 -0.0889902260716
4277 -0.0957084011383
4278 -0.102130225812
4279 -0.108639509999
4280 -0.114767446648
4281 -0.12088017538
4282 -0.126985962923
4283 -0.13306919729
4284 -0.13912786513
4285 -0.145168479342
4286 -0.148356832254
4287 -0.146611824861
4288 -0.144791226191
4289 -0.142936072466
4290 -0.141065744265
4291 -0.139153326317
4292 -0.137211024914
4293 -0.135215783416
4294 -0.133214271623
4295 -0.131206994647
4296 -0.129185412556
4297 -0.12715082672
4298 -0.125123980069
4299 -0.123103953393
4300 -0.121029509477
4301 -0.118921820136
4302 -0.116777509814
4303 -0.114585447997
4304 -0.113188513123
4305 -0.0991446328636
4306 -0.0770393523166
4307 -0.0575386820303
4308 -0.0389517120253
4309 -0.0218445646231
4310 -0.0209821584594
4311 -0.0203382903353
4312 -0.0197013369408
4313 -0.0187437701919
4314 -0.0180908232641
4315 -0.0172117247382
4316 -0.0164602935159
4317 -0.0160637668923
4318 -0.0152382033839
4319 -0.0144183275949
4320 -0.013905051858
4321 -0.0129704042062
4322 -0.0123227028787
4323 -0.0119419106379
4324 -0.0112434500024
4325 -0.0104602014788
4326 -0.00998185355896
4327 -0.00909971868313
4328 -0.00850432706006
