0 -0.09317959
1 -0.10093079
2 -0.09326155
3 -0.10094178
4 -0.09324197
5 -0.10100437
6 -0.09331143
7 -0.10106267
8 -0.09340468
9 -0.10094461
10 -0.09314049
11 -0.10067334
12 -0.09290453
13 -0.10060149
14 -0.09306004
15 -0.10070059
16 -0.09285114
17 -0.11615708
18 -0.09311931
19 -0.07778863
20 -0.062478
21 -0.0624694
22 -0.0624822
23 -0.0624857
24 -0.0623569
25 -0.062356
26 -0.0621204
27 -0.0620817
28 -0.0620575
29 -0.0620609
30 -0.0621302
31 -0.0621838
32 -0.062213
33 -0.0622449
34 -0.0621933
35 -0.0777191
36 -0.0621444
37 -0.0621303
38 -0.0619359
39 -0.0618991
40 -0.0620662
41 -0.0620873
42 -0.0621259
43 -0.0621445
44 -0.0621038
45 -0.0620821
46 -0.0622901
47 -0.0624293
48 -0.0624371
49 -0.0624668
50 -0.0625061
51 -0.0781749
52 -0.0624524
53 -0.0780285
54 -0.0622583
55 -0.0777762
56 -0.0622619
57 -0.0622849
58 -0.0779156
59 -0.0622864
60 -0.0778216
61 -0.0622556
62 -0.0778272
63 -0.062181
64 -0.0777091
65 -0.0621276
66 -0.0776602
67 -0.0621397
68 -0.0776511
69 -0.0620968
70 -0.0621018
71 -0.0776233
72 -0.0621775
73 -0.0777344
74 -0.0622159
75 -0.0777684
76 -0.0622003
77 -0.0777619
78 -0.0622047
79 -0.0776759
80 -0.0620639
81 -0.0776327
82 -0.0621578
83 -0.0620858
84 -0.0774284
85 -0.061841
86 -0.0772137
87 -0.061677
88 -0.0770162
89 -0.0615346
90 -0.0768501
91 -0.0613836
92 -0.076637
93 -0.0612837
94 -0.0765725
95 -0.0611421
96 -0.061109
97 -0.0761646
98 -0.06083
99 -0.0757973
100 -0.0606147
101 -0.0758943
102 -0.0607608
103 -0.0760772
104 -0.0610128
105 -0.0763882
106 -0.0612042
107 -0.0766098
108 -0.0612471
109 -0.0612476
110 -0.0767379
111 -0.0614802
112 -0.0770392
113 -0.0616296
114 -0.0770095
115 -0.0616717
116 -0.0771971
117 -0.0616602
118 -0.0769813
119 -0.0615653
120 -0.0769575
121 -0.0616603
122 -0.0616682
123 -0.0771758
124 -0.0617539
125 -0.0772261
126 -0.061787
127 -0.0772338
128 -0.0618111
129 -0.0772512
130 -0.061678
131 -0.0770881
132 -0.0616119
133 -0.0616088
134 -0.0769461
135 -0.0615612
136 -0.0769002
137 -0.0615177
138 -0.0768932
139 -0.0615749
140 -0.0770114
141 -0.0616861
142 -0.0616959
143 -0.0614956
144 -0.0614655
145 -0.0613979
146 -0.0613573
147 -0.0612834
148 -0.0612504
149 -0.0612413
150 -0.0612544
151 -0.0611016
152 -0.0610042
153 -0.0610832
154 -0.076424
155 -0.0611699
156 -0.0611642
157 -0.0613385
158 -0.0613605
159 -0.0616339
160 -0.0618305
161 -0.0617101
162 -0.0616344
163 -0.0615347
164 -0.0614623
165 -0.0614526
166 -0.0613961
167 -0.061373
168 -0.0611795
169 -0.0611814
170 -0.0610711
171 -0.0610515
172 -0.0609035
173 -0.0760158
174 -0.0607987
175 -0.0607766
176 -0.0605877
177 -0.0604638
178 -0.0603496
179 -0.0602603
180 -0.0603032
181 -0.060354
182 -0.0603006
183 -0.0602107
184 -0.0602384
185 -0.060289
186 -0.0602999
187 -0.0603168
188 -0.0602591
189 -0.0601505
190 -0.0600461
191 -0.0598872
192 -0.0748618
193 -0.0598946
194 -0.0599646
195 -0.0600944
196 -0.0600105
197 -0.0598722
198 -0.0599039
199 -0.0599246
200 -0.0599167
201 -0.0599021
202 -0.058044
203 0.003820041
204 0.02810799
205 0.02783111
206 0.02803425
207 0.02818211
208 0.02829038
209 0.0283644
210 0.0283421
211 0.03536385
212 0.0282227
213 0.02821251
214 0.02804053
215 0.02802232
216 0.02787247
217 0.02785953
218 0.02776771
219 0.02775531
220 0.02791489
221 0.02793048
222 0.02811448
223 0.02813656
224 0.02796756
225 0.02784058
226 0.02775422
227 0.02768964
228 0.02762202
229 0.03447112
230 0.0274807
231 0.02747087
232 0.027438
233 0.02743182
234 0.02749034
235 0.02749372
236 0.02743359
237 0.02738985
238 0.02734496
239 0.02730543
240 0.02739448
241 0.02753342
242 0.02753448
243 0.02752449
244 0.02754773
245 0.02770097
246 0.02770283
247 0.02764429
248 0.03453672
249 0.02778774
250 0.02781336
251 0.02791515
252 0.02800077
253 0.02797194
254 0.0279278
255 0.02789672
256 0.02784568
257 0.02779568
258 0.02770704
259 0.0276759
260 0.02757341
261 0.02755848
262 0.02736971
263 0.02733641
264 0.02737184
265 0.02739674
266 0.02741774
267 0.03431864
268 0.02756592
269 0.02761376
270 0.02757347
271 0.02752824
272 0.02749464
273 0.02746068
274 0.0276091
275 0.02770329
276 0.02773681
277 0.02774529
278 0.02773526
279 0.02775257
280 0.02775714
281 0.02781248
282 0.02782875
283 0.02786446
284 0.02781948
285 0.02778424
286 0.03476359
287 0.02781953
288 0.02788329
289 0.02790272
290 0.02794373
291 0.02797771
292 0.02803893
293 0.02809244
294 0.02830017
295 0.0284678
296 0.02855964
297 0.02873517
298 0.02866672
299 0.02857777
300 0.02855109
301 0.02851494
302 0.02850223
303 0.02847067
304 0.02857838
305 0.03591489
306 0.02875637
307 0.02877737
308 0.02884913
309 0.0289151
310 0.02886048
311 0.02882826
312 0.02887548
313 0.02893149
314 0.02909466
315 0.02922148
316 0.02913531
317 0.02901221
318 0.0290137
319 0.0290063
320 0.03637145
321 0.02917528
322 0.02919658
323 0.03654822
324 0.02919914
325 0.03646177
326 0.02900466
327 0.03622606
328 0.02890322
329 0.0361107
330 0.02883942
331 0.03603312
332 0.02879051
333 0.03587001
334 0.02865833
335 0.0285722
336 0.0357028
337 0.02851706
338 0.0356702
339 0.02857377
340 0.03570421
341 0.02851328
342 0.03562605
343 0.02848382
344 0.03557828
345 0.02846706
346 0.0354611
347 0.0283684
348 0.02842559
349 0.03555128
350 0.02844463
351 0.03556438
352 0.02849375
353 0.03560565
354 0.02845058
355 0.03555316
356 0.02843607
357 0.03557557
358 0.02849081
359 0.03560422
360 0.02847598
361 0.02850925
362 0.03566869
363 0.02852774
364 0.03565958
365 0.02851003
366 0.03565338
367 0.02853639
368 0.03567913
369 0.02859278
370 0.03574288
371 0.02861651
372 0.03578117
373 0.02865748
374 0.02859866
375 0.0354684
376 0.02839143
377 0.03556545
378 0.02845068
379 0.03557555
380 0.02838629
381 0.03535747
382 0.0283732
383 0.03554453
384 0.02841651
385 0.03551455
386 0.02836256
387 0.02837156
388 0.03538216
389 0.02829843
390 0.03528925
391 0.02819441
392 0.03512989
393 0.02803897
394 0.03498053
395 0.02797701
396 0.03492783
397 0.02784004
398 0.03479364
399 0.02787705
400 0.02786881
401 0.03478684
402 0.02781173
403 0.03472859
404 0.02772358
405 0.03445262
406 0.02754854
407 0.03437592
408 0.02742406
409 0.03420167
410 0.02721864
411 0.03390911
412 0.02673556
413 0.03339072
414 0.02662257
415 0.0264852
416 0.03282511
417 0.02611817
418 0.03220096
419 0.02566711
420 0.03200679
421 0.02532707
422 0.03153973
423 0.02495424
424 0.03059848
425 0.02392878
426 0.02953918
427 0.02346415
428 0.02319176
429 0.02876538
430 0.0225011
431 0.02789281
432 0.02169754
433 0.02688336
434 0.02107318
435 0.0259644
436 0.02041603
437 0.02489264
438 0.01960179
439 0.0236599
440 0.01869069
441 0.01812123
442 0.02233175
443 0.01731757
444 0.02110371
445 0.01639586
446 0.0197719
447 0.01548804
448 0.01868604
449 0.01467483
450 0.01744281
451 0.01358507
452 0.01628301
453 0.0125487
454 0.01522282
455 0.01128897
456 0.0111591
457 0.01317863
458 0.0102644
459 0.01180629
460 -0.023444574
461 -0.1144644
462 -0.1591508
463 -0.2589465
464 -0.1646826
465 -0.2502543
466 -0.164357
467 -0.206432
468 -0.2146968
469 -0.2077693
470 -0.2058235
471 -0.202644
472 -0.2187919
473 -0.1951406
474 -0.2250753
475 -0.2053543
476 -0.2279554
477 -0.2002064
478 -0.2151607
479 -0.1861177
480 -0.2288085
481 -0.1769784
482 -0.2562301
483 -0.1805926
484 -0.2238873
485 -0.1744914
486 -0.2469339
487 -0.161367
488 -0.2568899
489 -0.1713181
490 -0.2617084
491 -0.1718646
492 -0.2609564
493 -0.1607751
494 -0.256407
495 -0.1630342
496 -0.2443749
497 -0.1839973
498 -0.2455282
499 -0.1855074
500 -0.2464319
501 -0.218705
502 -0.188669
503 -0.2309586
504 -0.1741889
505 -0.252512
506 -0.1782441
507 -0.2541959
508 -0.1780001
509 -0.2510822
510 -0.1645709
511 -0.257883
512 -0.2040144
513 -0.2101261
514 -0.216664
515 -0.2087128
516 -0.2126794
517 -0.201462
518 -0.1923022
519 -0.246047
520 -0.1784141
521 -0.2330179
522 -0.1756717
523 -0.2341092
524 -0.2136254
525 -0.1898034
526 -0.2312621
527 -0.1290623
528 -0.0854993
529 -0.1042696
530 -0.04526049
531 -0.0967117
532 -0.05134588
533 -0.0685944
534 -0.02574165
535 0.01353752
536 0.00671279
537 0.003335832
538 -0.0012943748
539 -0.006577131
540 -0.00921965
541 -0.01669739
542 -0.01752031
543 -0.02115357
544 -0.0316143
545 -0.021032212
546 0.02301335
547 0.01632643
548 0.01541484
549 0.00838196
550 0.005597363
551 0.0005191567
552 -0.004199749
553 -0.0074743
554 -0.01456117
555 -0.01559973
556 -0.02441108
557 -0.02358019
558 -0.0271765
559 -0.03902542
560 -0.00566972
561 0.01204038
562 0.005270483
563 0.0015892981
564 -0.002501846
565 -0.00811839
566 -0.01033628
567 -0.01796341
568 -0.01854849
569 -0.020053393
570 0.02865327
571 0.03453219
572 0.02348101
573 0.01993227
574 0.02003361
575 0.01205349
576 0.01032316
577 0.004290823
578 0.000575542
579 -0.003559475
580 -0.00960921
581 -0.01168453
582 -0.01960802
583 -0.01968432
584 -0.02957308
585 -0.02767766
586 -0.03967083
587 -0.03575253
588 -0.031125313
589 0.00678348
590 0.00322556
591 -0.0009973043
592 -0.004839179
593 -0.01098704
594 -0.0127505
595 -0.02094353
596 -0.012964007
597 0.03077471
598 0.02235687
599 0.02271403
600 0.01407396
601 0.01262737
602 0.00610757
603 0.0026860242
604 -0.001855849
605 -0.00538206
606 -0.01175546
607 -0.01345325
608 -0.02185404
609 -0.02145219
610 -0.03186166
611 -0.02963865
612 -0.04043627
613 0.00694263
614 0.01492941
615 0.00761341
616 0.004409792
617 -0.0005623096
618 -0.005801203
619 -0.00873256
620 -0.01232874
621 -0.0205338
622 -0.02034735
623 0.000876422
624 0.02296888
625 0.0234803
626 0.01461374
627 0.01308263
628 0.00641335
629 0.002963664
630 -0.0016114706
631 -0.007072335
632 -0.00980484
633 -0.01725983
634 -0.01773239
635 -0.02718199
636 -0.02578711
637 -0.02942765
638 -0.02305711
639 0.01306129
640 0.01124799
641 0.004738577
642 0.0008386381
643 -0.003431917
644 -0.00928509
645 -0.01138044
646 -0.01916635
647 -0.01924265
648 -0.021700504
649 0.02056706
650 0.02384997
651 0.01500749
652 0.01351893
653 0.00677061
654 0.003167632
655 -0.00107073681
656 -0.004866469
657 -0.01111292
658 -0.01294303
659 -0.02118611
660 -0.02097534
661 -0.03113079
662 -0.02887595
663 -0.02306426
664 0.01330984
665 0.01178776
666 0.00528681
667 0.0013464685
668 -0.003015638
669 -0.00895024
670 -0.01121127
671 -0.014835
672 -0.02357197
673 -0.02290356
674 -0.015522124
675 0.01838458
676 0.01770939
677 0.01008951
678 0.00621831
679 0.002306461
680 -0.00146245956
681 -0.005393386
682 -0.00940824
683 -0.01730204
684 -0.01816296
685 -0.02210188
686 -0.02427173
687 0.018707995
688 0.02317513
689 0.01921761
690 0.01520216
691 0.01118779
692 0.00709868
693 0.003104089
694 -0.000967146
695 -0.004950771
696 -0.00899564
697 -0.01294362
698 -0.01694167
699 -0.02095532
700 -0.03181947
701 -0.03003287
702 -0.0339886
703 -0.01749003
704 0.01233554
705 0.00820244
706 0.004246352
707 0.0005859133
708 -0.003322597
709 -0.00706757
710 -0.01099146
711 -0.0147109
712 -0.0186373
713 -0.013947485
714 0.02635099
715 0.02386761
716 0.02416301
717 0.01487899
718 0.01094497
719 0.00698209
720 0.003082152
721 -0.000645757
722 -0.004578119
723 -0.00850856
724 -0.01243889
725 -0.01649916
726 -0.02046346
727 -0.02448904
728 -0.02844083
729 -0.03256714
730 -0.0346241
731 0.01172602
732 0.01951789
733 0.01867497
734 0.01040459
735 0.00650537
736 0.002576473
737 -0.0013244158
738 -0.005190849
739 -0.00907731
740 -0.01297093
741 -0.01692593
742 -0.02103269
743 -0.02497899
744 -0.02894306
745 0.003034239
746 0.01971066
747 0.01537336
748 0.01133168
749 0.00835919
750 0.002282143
751 -0.0015945436
752 -0.00553131
753 -0.00953687
754 -0.0134827
755 -0.0172143
756 -0.02102911
757 -0.02503431
758 -0.02911007
759 -0.010381219
760 0.02460134
761 0.02135563
762 0.0172491
763 0.01326204
764 0.00927305
765 0.005202535
766 0.0009641649
767 -0.003712297
768 -0.00766898
769 -0.01174306
770 -0.015682
771 -0.01972425
772 -0.02368343
773 -0.02766525
774 -0.03165365
775 -0.03556715
776 -0.03942513
777 -0.02039444
778 0.01556182
779 0.01232862
780 0.00839746
781 0.004440067
782 0.0004532342
783 -0.005163431
784 -0.00859106
785 -0.01261448
786 -0.01653421
787 -0.02040888
788 -0.02434146
789 -0.02857684
790 -0.03256976
791 0.004281647
792 0.02668763
793 0.02293741
794 0.01904774
795 0.01516627
796 0.01128268
797 0.00739908
798 0.003698707
799 -0.0008305301
800 -0.004994874
801 -0.0089469
802 -0.01304114
803 -0.01697778
804 -0.02105093
805 -0.0250032
806 -0.02909005
807 -0.03304828
808 -0.03702378
809 -0.04096063
810 -0.04316086
811 -0.000612849
812 0.00370085
813 -0.0004372594
814 -0.004519107
815 -0.00857544
816 -0.01079548
817 0.0393585
818 0.03443742
819 0.03042113
820 0.02656304
821 0.02266192
822 0.0186907
823 0.01463688
824 0.01068723
825 0.00691795
826 0.002985716
827 -0.0008456715
828 -0.00474691
829 -0.00861013
830 -0.01247454
831 -0.01639689
832 -0.02026296
833 -0.02420008
834 -0.03568697
835 -0.03299354
836 -0.03722977
837 -0.04124915
838 -0.0454014
839 -0.0495128
840 -0.015440272
841 0.00547755
842 0.00159954951
843 -0.002533321
844 -0.00652086
845 -0.01085936
846 -0.01482809
847 -0.01882113
848 -0.02276575
849 -0.02523362
850 0.016380667
851 0.02065718
852 0.02010715
853 0.01130652
854 0.00728893
855 0.003406768
856 -0.0005371577
857 -0.004526617
858 -0.00859499
859 -0.01257825
860 -0.01671648
861 -0.02068771
862 -0.02300585
863 0.018477081
864 0.02259862
865 0.01820851
866 0.01403296
867 0.00990809
868 0.00591458
869 0.001749992
870 -0.003078099
871 -0.00709962
872 -0.01110565
873 -0.01546562
874 -0.01943875
875 -0.02338945
876 -0.02736759
877 -0.03152514
878 -0.0358287
879 -0.03979088
880 -0.0438408
881 -0.025292126
882 0.00987005
883 0.00663817
884 0.002332326
885 -0.0017266273
886 -0.00830091
887 -0.01130485
888 -0.01564825
889 -0.0198369
890 -0.02388681
891 -0.02791988
892 -0.0321226
893 -0.03645528
894 -0.01773703
895 0.01802648
896 0.01484692
897 0.01082492
898 0.00683868
899 0.002507922
900 -0.0017099389
901 -0.00591064
902 -0.01030337
903 -0.01875126
904 -0.01999927
905 0.01381814
906 0.03498185
907 0.03108097
908 0.02683282
909 0.02282989
910 0.01870561
911 0.01466619
912 0.01053893
913 0.00647961
914 0.002286669
915 -0.002073407
916 -0.00608169
917 -0.01018739
918 -0.01418948
919 -0.01851976
920 -0.02903176
921 -0.02785468
922 -0.03189349
923 -0.03633368
924 -0.04062748
925 -0.04317171
926 -0.0025119728
927 0.002658482
928 -0.001932859
929 -0.00598169
930 -0.01033198
931 -0.01436293
932 -0.01894939
933 -0.02303147
934 -0.02739479
935 -0.009474876
936 0.02125109
937 0.01663768
938 0.01485038
939 0.00689949
940 0.002884267
941 -0.001441359
942 -0.005460856
943 -0.01000654
944 -0.0141139
945 -0.01858093
946 -0.02287424
947 -0.02718854
948 -0.03164291
949 -0.0357647
950 -0.03137076
951 0.00972951
952 0.00681519
953 0.002692226
954 -0.0014632941
955 -0.005465634
956 -0.01263237
957 -0.01463222
958 -0.01877796
959 -0.0132991
960 0.02956927
961 0.02757371
962 0.02335905
963 0.01903843
964 0.01504397
965 0.01070894
966 0.00666427
967 0.002229327
968 -0.002009988
969 -0.00799763
970 -0.04215799
971 -0.113426
972 -0.1397436
973 -0.1346267
974 -0.04727585
975 0.01337385
976 -0.019730211
977 -0.0619845
978 -0.0956676
979 -0.04824552
980 -0.04582249
981 -0.0772399
982 -0.02630328
983 -0.0391424
984 -0.05658716
985 -0.03437718
986 -0.0645385
987 -0.04753648
988 -0.0670526
989 -0.01869025
990 -0.03283517
991 -0.0696833
992 -0.03616376
993 -0.02707984
994 -0.0658215
995 -0.05907351
996 -0.02473401
997 -0.0597618
998 -0.03300253
999 -0.04525893
1000 -0.05927398
1001 -0.009292717
1002 -0.03737771
1003 -0.0882337
1004 -0.02281523
1005 -0.03350977
1006 -0.0688422
1007 -0.03944805
1008 -0.04600313
1009 -0.03405898
1010 -0.01858783
1011 -0.0537035
1012 -0.05174661
1013 -0.04409456
1014 -0.03637584
1015 -0.02736832
1016 -0.0629335
1017 -0.04931453
1018 -0.004042624
1019 -0.03490473
1020 -0.0677187
1021 -0.029019393
1022 -0.01738214
1023 -0.05046819
1024 -0.06118251
1025 -0.03137871
1026 -0.0536571
1027 -0.01768875
1028 -0.04195287
1029 -0.07344239
1030 0.004532102
1031 -0.01644945
1032 -0.04884792
1033 -0.0713021
1034 -0.00986291
1035 -0.013096091
1036 -0.04482485
1037 -0.0669005
1038 -0.00668025
1039 -0.013450867
1040 -0.0458327
1041 -0.0669699
1042 -0.023623
1043 -0.04171918
1044 -0.04596429
1045 -0.007200961
1046 -0.03481099
1047 -0.056296
1048 -0.02277208
1049 -0.04548065
1050 -0.04891093
1051 0.013930311
1052 -0.005203488
1053 -0.03554295
1054 -0.0648508
1055 -0.0711077
1056 -0.01315688
1057 -0.03292014
1058 -0.0721116
1059 0.005206584
1060 0.0035114249
1061 -0.02563811
1062 -0.0541372
1063 -0.0737264
1064 -0.015637392
1065 -0.01917744
1066 -0.04758407
1067 -0.07695667
1068 -0.004215237
1069 -0.02566172
1070 -0.0558972
1071 -0.0638509
1072 -0.009005309
1073 -0.02964472
1074 -0.0587405
1075 -0.0214374
1076 -0.03262262
1077 -0.0588202
1078 -0.02829359
1079 -0.03559663
1080 -0.0579796
1081 -0.01855207
1082 -0.04024653
1083 -0.04641559
1084 -0.004618171
1085 -0.04582335
1086 -0.04959661
1087 -0.01995801
1088 -0.05048018
1089 -0.03941517
1090 -0.0272932
1091 -0.0581021
1092 -0.02720882
1093 -0.03667977
1094 -0.06699148
1095 -0.01423502
1096 -0.04407835
1097 -0.0294196255
1098 -0.010147094
1099 -0.04281192
1100 -0.05366347
1101 -0.02613378
1102 -0.0564074
1103 -0.03738665
1104 -0.04823199
1105 -0.04089808
1106 -0.03169302
1107 -0.0563089
1108 -0.01574278
1109 -0.03922432
1110 -0.04981694
1111 -0.02204323
1112 -0.0723393
1113 -0.0264961466
1114 -0.014850622
1115 -0.05058324
1116 -0.0632239
1117 -0.01157569
1118 -0.03859068
1119 -0.0735632
1120 -0.03689701
1121 -0.03684446
1122 -0.0611798
1123 -0.02685332
1124 -0.0556164
1125 -0.04518914
1126 -0.008926154
1127 -0.04511329
1128 -0.0733414
1129 -0.02009321
1130 -0.04105185
1131 -0.0663867
1132 -0.012130025
1133 -0.02226924
1134 -0.0612088
1135 -0.05034882
1136 -0.01320195
1137 -0.04971934
1138 -0.0702085
1139 -0.0183737
1140 -0.0558574
1141 -0.04633449
1142 -0.011356572
1143 -0.04950201
1144 -0.0644257
1145 -0.01374887
1146 -0.06101891
1147 -0.04546526
1148 -0.011140567
1149 -0.05027321
1150 -0.066981
1151 -0.02180265
1152 -0.05409451
1153 -0.04733009
1154 -0.019812969
1155 -0.0616992
1156 -0.05603758
1157 -0.02124714
1158 -0.0602328
1159 -0.0286743081
1160 -0.016929852
1161 -0.0610531
1162 -0.06137364
1163 -0.03244281
1164 -0.0666864
1165 -0.02296274
1166 -0.04374098
1167 -0.080621
1168 -0.028666221
1169 -0.02524256
1170 -0.0712201
1171 -0.05123846
1172 -0.05383419
1173 -0.0541804
1174 -0.02957744
1175 -0.0733217
1176 -0.04286832
1177 -0.013320199
1178 -0.0815118
1179 -0.0702808
1180 -0.003189789
1181 -0.02625437
1182 -0.0754397
1183 -0.0815961
1184 -0.01913237
1185 -0.06243786
1186 -0.0822762
1187 -0.02944447
1188 -0.05518938
1189 -0.05717013
1190 -0.03332496
1191 -0.073406
1192 -0.04222334
1193 -0.0595858
1194 -0.04105589
1195 -0.0750058
1196 -0.03317433
1197 -0.03878418
1198 -0.0840666
1199 -0.04273928
1200 -0.05451138
1201 -0.06170249
1202 -0.04123515
1203 -0.0701864
1204 -0.03776329
1205 -0.0769231
1206 -0.04829401
1207 -0.0642946
1208 -0.0728796
1209 -0.03192968
1210 -0.0710222
1211 -0.0381515
1212 -0.0840725
1213 -0.04485434
1214 -0.0696447
1215 -0.04408341
1216 -0.0713923
1217 -0.04425308
1218 -0.0979137
1219 -0.0488426
1220 -0.06386777
1221 -0.0857376
1222 -0.03707197
1223 -0.074323
1224 -0.0800332
1225 -0.0732596
1226 -0.0628279
1227 -0.05112103
1228 -0.090904
1229 -0.0477197
1230 -0.0972046
1231 -0.04439231
1232 -0.0831812
1233 -0.0776598
1234 -0.04761478
1235 -0.101927
1236 -0.08610443
1237 -0.05758269
1238 -0.0839855
1239 -0.0614846
1240 -0.1061227
1241 -0.07909374
1242 -0.05027411
1243 -0.01385232
1244 0.099427
1245 0.1691363
1246 0.1621718
1247 0.1688464
1248 0.2041528
1249 0.1826241
1250 0.1909344
1251 0.1896226
1252 0.1593912
1253 0.2055561
1254 0.1466067
1255 0.1765487
1256 0.2096088
1257 0.1610353
1258 0.1962197
1259 0.165559
1260 0.2011593
1261 0.1685818
1262 0.1997354
1263 0.1734092
1264 0.2091706
1265 0.1485355
1266 0.1745975
1267 0.1969231
1268 0.1800331
1269 0.202523
1270 0.1445873
1271 0.1850518
1272 0.1837008
1273 0.1869881
1274 0.1882861
1275 0.1930263
1276 0.182523
1277 0.1762574
1278 0.1912667
1279 0.1586426
1280 0.1988446
1281 0.1637623
1282 0.1769197
1283 0.1909477
1284 0.1642959
1285 0.2024271
1286 0.1702173
1287 0.1887834
1288 0.1782196
1289 0.1751817
1290 0.1877343
1291 0.1605108
1292 0.1981943
1293 0.2088952
1294 0.1941679
1295 0.1816242
1296 0.174957
1297 0.2036016
1298 0.1636985
1299 0.1948998
1300 0.1810791
1301 0.1734025
1302 0.2005885
1303 0.1591529
1304 0.1886971
1305 0.1732723
1306 0.1640055
1307 0.1983707
1308 0.1616299
1309 0.1742414
1310 0.1979363
1311 0.1943694
1312 0.1883519
1313 0.169267
1314 0.1531932
1315 0.1854851
1316 0.1878006
1317 0.1477077
1318 0.1788542
1319 0.2024448
1320 0.1606758
1321 0.1863277
1322 0.1920126
1323 0.1570728
1324 0.2387462
1325 0.174319
1326 0.1624506
1327 0.1927979
1328 0.1680549
1329 0.1440961
1330 0.1729325
1331 0.200773
1332 0.1591347
1333 0.1642549
1334 0.1924547
1335 0.1636903
1336 0.1724673
1337 0.1672618
1338 0.193856
1339 0.1685408
1340 0.1480638
1341 0.1728896
1342 0.1966655
1343 0.1542838
1344 0.1570204
1345 0.1823986
1346 0.2314965
1347 0.1327565
1348 0.1547501
1349 0.178952
1350 0.1552579
1351 0.05003288
1352 -0.04677935
1353 -0.0494759
1354 -0.02584622
1355 -0.0037515
1356 0.01852919
1357 0.05419446
1358 0.0685699
1359 0.0901063
1360 0.0853002
1361 -0.001430261
1362 -0.00630067
1363 0.01582648
1364 0.03642487
1365 0.0570758
1366 0.05422609
1367 -0.012711268
1368 -0.001901372
1369 0.02567536
1370 0.04284789
1371 0.0626433
1372 0.035501262
1373 0.004861141
1374 0.02618148
1375 0.04661821
1376 0.00562694
1377 0.00303008353
1378 0.02605845
1379 0.0485775
1380 0.04947815
1381 0.010988966
1382 0.03420334
1383 0.04791945
1384 0.02489735
1385 0.04476371
1386 0.00437523
1387 0.004054796
1388 0.02802017
1389 0.0523332
1390 0.05759114
1391 0.02080036
1392 0.0561248
1393 0.01025131
1394 0.009077631
1395 0.03326343
1396 0.0667558
1397 0.01276709
1398 0.03286131
1399 0.0514305
1400 0.02610639
1401 0.02948405
1402 0.0637608
1403 0.010324251
1404 0.03144605
1405 0.0522517
1406 0.02913291
1407 0.03318577
1408 0.0699282
1409 0.00235965
1410 0.0020705
1411 0.04303367
1412 0.0639965
1413 0.048586366
1414 0.010269651
1415 0.05146392
1416 0.0640473
1417 0.008033996
1418 0.01578283
1419 0.05997425
1420 0.05924065
1421 0.03633834
1422 0.0505311
1423 0.0156846
1424 0.03588488
1425 0.06749624
1426 0.02608251
1427 0.0666709
1428 0.02426457
1429 0.06237571
1430 0.04255845
1431 0.006028655
1432 0.05409798
1433 0.0724854
1434 0.03113511
1435 0.03854748
1436 0.0756074
1437 0.01635385
1438 0.05655005
1439 0.0640375
1440 0.0526798
1441 0.04060149
1442 0.04969069
1443 0.0596268
1444 0.04453323
1445 0.0541858
1446 0.03831079
1447 0.0536351
1448 0.02967314
1449 0.0840653
1450 0.02715541
1451 0.0331051
1452 0.0736293
1453 0.08126021
1454 0.02544951
1455 0.0881846
1456 0.05926773
1457 0.03730605
1458 0.06582787
1459 -0.01263333
1460 -0.02304602
1461 -0.02871871
1462 -0.02281689
1463 -0.02826667
1464 -0.02244377
1465 -0.02790118
1466 -0.02271271
1467 -0.02876782
1468 -0.02322196
1469 -0.03031945
1470 -0.02414727
1471 -0.02550555
1472 -0.0317943
1473 -0.02675581
1474 -0.03383636
1475 -0.02750325
1476 -0.03578996
1477 -0.02916456
1478 -0.03815842
1479 -0.03068876
1480 -0.03948879
1481 -0.03165865
1482 -0.0408988
1483 -0.03296877
1484 -0.03361988
1485 -0.04234767
1486 -0.03421235
1487 -0.04293323
1488 -0.0704029
1489 -0.1748425
1490 -0.1994331
1491 -0.1579828
1492 -0.2420158
1493 -0.1609753
1494 -0.1903444
1495 -0.2321271
1496 -0.1718361
1497 -0.2019641
1498 -0.2017859
1499 -0.2044788
1500 -0.197938
1501 -0.192407
1502 -0.1884804
1503 -0.1962512
1504 -0.2015919
1505 -0.1844518
1506 -0.1745483
1507 -0.1979003
1508 -0.1900528
1509 -0.193959
1510 -0.2130553
1511 -0.1950009
1512 -0.214627
1513 -0.1983556
1514 -0.1655246
1515 -0.201209
1516 -0.1977798
1517 -0.2082672
1518 -0.1970232
1519 -0.2168827
1520 -0.2039962
1521 -0.171041
1522 -0.2450958
1523 -0.1595273
1524 -0.2373927
1525 -0.183685
1526 -0.1801085
1527 -0.1828009
1528 -0.2382439
1529 -0.1814778
1530 -0.2333478
1531 -0.1755435
1532 -0.2010591
1533 -0.1999554
1534 -0.1883743
1535 -0.2194852
1536 -0.1796201
1537 -0.22481
1538 -0.1561076
1539 -0.2390326
1540 -0.183817
1541 -0.2167105
1542 -0.1988779
1543 -0.1944503
1544 -0.1815722
1545 -0.2259197
1546 -0.1597363
1547 -0.1887566
1548 -0.2505836
1549 -0.1788815
1550 -0.2549343
1551 -0.1682599
1552 -0.2355904
1553 -0.1526081
1554 -0.2584261
1555 -0.1725748
1556 -0.2476768
1557 -0.1896142
1558 -0.1857101
1559 -0.2295956
1560 -0.1769158
1561 -0.2420949
1562 -0.1494515
1563 -0.2461204
1564 -0.1590494
1565 -0.2349438
1566 -0.1769006
1567 -0.2446941
1568 -0.1707751
1569 -0.2408851
1570 -0.1741641
1571 -0.2345815
1572 -0.1829626
1573 -0.2446664
1574 -0.1564934
1575 -0.248802
1576 -0.1415383
1577 -0.1979155
1578 -0.2443647
1579 -0.1774757
1580 -0.2335938
1581 -0.1767571
1582 -0.2329636
1583 -0.1781399
1584 -0.2406516
1585 -0.1897652
1586 -0.2323011
1587 -0.1958925
1588 -0.2184257
1589 -0.2496585
1590 -0.1711877
1591 -0.2348999
1592 -0.1206696
1593 -0.03923126
1594 0.03695951
1595 0.004607756
1596 -0.03936031
1597 -0.1019616
1598 -0.1199773
1599 -0.014513741
1600 -0.010911381
1601 -0.04999277
1602 -0.0942654
1603 -0.03528714
1604 -0.0758285
1605 -0.02196003
1606 -0.04555699
1607 -0.0675771
1608 -0.03100242
1609 -0.06129964
1610 -0.04784422
1611 -0.01815169
1612 -0.04946819
1613 -0.07062333
1614 -0.02074502
1615 -0.0691996
1616 -0.027015422
1617 -0.016008772
1618 -0.04969901
1619 -0.06718962
1620 -0.007288206
1621 -0.04939928
1622 -0.06140466
1623 -0.03552029
1624 -0.04862168
1625 -0.01961396
1626 -0.05877859
1627 -0.01701187
1628 -0.0525617
1629 -0.03875324
1630 -0.03991219
1631 -0.0456449
1632 -0.02259103
1633 -0.0472233
1634 -0.02446548
1635 -0.03359771
1636 -0.04599662
1637 -0.02117227
1638 -0.031098314
1639 0.04006889
1640 0.1014397
1641 0.2131677
1642 0.1838187
1643 0.1926075
1644 0.2066477
1645 0.1609251
1646 0.2356749
1647 0.1644963
1648 0.1589959
1649 0.2472726
1650 0.1431892
1651 0.236075
1652 0.1681836
1653 0.1590503
1654 0.2417766
1655 0.1830433
1656 0.2059958
1657 0.1837803
1658 0.1863139
1659 0.2197957
1660 0.160989
1661 0.1965483
1662 0.208098
1663 0.1983907
1664 0.2210819
1665 0.1945565
1666 0.2200371
1667 0.1949337
1668 0.1752441
1669 0.2494441
1670 0.1317962
1671 0.2005306
1672 0.2018564
1673 0.2133242
1674 0.1892684
1675 0.2271167
1676 0.1895959
1677 0.1794726
1678 0.2118201
1679 0.2014187
1680 0.2120405
1681 0.1982067
1682 0.2041893
1683 0.1808532
1684 0.2279902
1685 0.1599261
1686 0.1918603
1687 0.2203075
1688 0.1747845
1689 0.2406308
1690 0.1645477
1691 0.245947
1692 0.1639959
1693 0.2152411
1694 0.1977747
1695 0.1900335
1696 0.1758826
1697 0.237692
1698 0.147525
1699 0.2163173
1700 0.2005084
1701 0.1963297
1702 0.162092
1703 0.2374831
1704 0.1696027
1705 0.1861339
1706 0.1763819
1707 0.1993277
1708 0.2028638
1709 0.1709806
1710 0.2455211
1711 0.1610405
1712 0.2017252
1713 0.1870053
1714 0.2204834
1715 0.1426414
1716 0.2098728
1717 0.1933926
1718 0.2082443
1719 0.157561
1720 0.2290064
1721 0.1995924
1722 0.1927253
1723 0.1718753
1724 0.2441884
1725 0.1532071
1726 0.1850034
1727 0.1720106
1728 0.2433716
1729 0.1589901
1730 0.1997738
1731 0.1831629
1732 0.233646
1733 0.1344564
1734 0.1928203
1735 0.1771267
1736 0.2481671
1737 0.1583388
1738 0.193217
1739 0.1765421
1740 0.180686
1741 0.033954355
1742 -0.05066716
1743 -0.02694581
1744 -0.006630339
1745 0.01622798
1746 0.04736573
1747 0.0593336
1748 0.0929861
1749 0.00371716
1750 -0.03078786
1751 -0.003520715
1752 0.02181968
1753 0.03814864
1754 0.0732037
1755 0.05689729
1756 -0.00980607
1757 0.004448675
1758 0.03078516
1759 0.05717332
1760 0.00547149
1761 -0.000662722
1762 0.01938225
1763 0.04860311
1764 0.01999549
1765 -0.003481308
1766 0.0159166
1767 0.04358678
1768 0.0466102
1769 0.001875001
1770 0.0132773
1771 0.03999863
1772 0.04282255
1773 -0.01253549
1774 -0.0016605682
1775 0.02128799
1776 0.03514127
1777 0.0446158
1778 -0.01304077
1779 0.003171525
1780 0.02069785
1781 0.04803186
1782 0.014458462
1783 -0.01664536
1784 0.004482521
1785 0.02744873
1786 0.03941329
1787 0.05157095
1788 -0.002060159
1789 0.01660355
1790 0.03073003
1791 0.039065371
1792 -0.02091287
1793 -0.009381037
1794 0.0097213525
1795 0.02467229
1796 0.05198577
1797 0.03898979
1798 -0.001085683
1799 0.01389672
1800 0.03794583
1801 0.02771785
1802 0.009225933
1803 0.02271821
1804 0.017743667
1805 0.004826804
1806 0.0264717
1807 0.02962424
1808 0.00410469
1809 0.01723649
1810 0.03997192
1811 0.003803506
1812 0.009881092
1813 0.0234163
1814 0.015712756
1815 -0.002541543
1816 0.01573324
1817 0.02779865
1818 0.0341045851
1819 -0.01837658
1820 -0.006485217
1821 0.00991965
1822 0.03120065
1823 0.04007147
1824 0.04939728
1825 -0.005810253
1826 0.0087385171
1827 0.02172946
1828 0.04563259
1829 0.01453926
1830 -0.01469661
1831 0.002825732
1832 0.02167797
1833 0.0319059
1834 0.05015543
1835 -0.016343825
1836 -0.01839423
1837 -0.000108234
1838 0.01768613
1839 0.02831649
1840 0.05285783
1841 0.03436344
1842 -0.01755475
1843 -0.0018775459
1844 0.01508497
1845 0.02597022
1846 0.048417
1847 0.01092195
1848 0.01931406
1849 0.02790475
1850 0.0005676775
1851 0.007487299
1852 0.02626491
1853 0.02654171
1854 -0.007861131
1855 0.004004712
1856 0.02173615
1857 0.03075791
1858 0.011718988
1859 0.007075315
1860 0.02544617
1861 0.02596903
1862 -0.008156292
1863 0.003650183
1864 0.02100325
1865 0.02978277
1866 0.009924416
1867 0.005215652
1868 0.02248787
1869 0.02926326
1870 -0.00758576
1871 -0.002206807
1872 0.01330637
1873 0.02331901
1874 0.03684283
1875 -0.00662708
1876 0.0013659045
1877 0.01730085
1878 0.02647424
1879 0.00197936
1880 -0.005438564
1881 0.008596648
1882 0.01923323
1883 0.03811813
1884 -0.000915762
1885 -0.0001225497
1886 0.0119946
1887 0.03015924
1888 0.018013004
1889 -0.001847032
1890 0.01039266
1891 0.02773571
1892 0.02595401
1893 -0.006462334
1894 0.004976035
1895 0.02101255
1896 0.0285623
1897 0.00144505
1898 -0.006532432
1899 0.0067091038
1900 0.01701737
1901 0.03585458
1902 0.010400062
1903 0.002617831
1904 0.01368165
1905 0.03168106
1906 0.00421667
1907 -0.010299445
1908 0.002814536
1909 0.01769733
1910 0.02564931
1911 0.02572894
1912 -0.00973272
1913 0.001097449
1914 0.01211334
1915 0.02913499
1916 0.02701951
1917 -0.003190281
1918 0.006880047
1919 0.02230644
1920 0.02723097
1921 -0.01292729
1922 -0.00829053
1923 0.0034840069
1924 0.01359511
1925 0.02320623
1926 0.03473948
1927 -0.004206173
1928 0.005217553
1929 0.01516819
1930 0.03228998
1931 0.018148429
1932 -0.0031035026
1933 0.00805569
1934 0.02352619
1935 0.02789664
1936 -0.00323557
1937 0.001919027
1938 0.01561069
1939 0.02300835
1940 0.024029979
1941 -0.005027534
1942 0.006332401
1943 0.0153761
1944 0.03208089
1945 0.00612951
1946 -0.003994232
1947 0.007302044
1948 0.0216818
1949 0.02744865
1950 0.00450133
1951 -0.002299308
1952 0.009821173
1953 0.0176835
1954 0.03318645
1955 -0.00350952
1956 -0.00562596
1957 -0.06765207
1958 -0.1230711
1959 -0.1843195
1960 -0.2379574
1961 -0.1878824
1962 -0.2316663
1963 -0.1766527
1964 -0.2146232
1965 -0.1762071
1966 -0.1783664
1967 -0.1932413
1968 -0.2297411
1969 -0.2011664
1970 -0.1702571
1971 -0.2390416
1972 -0.1622084
1973 -0.212878
1974 -0.2147519
1975 -0.2030149
1976 -0.1970569
1977 -0.1983993
1978 -0.1829086
1979 -0.2418856
1980 -0.1756761
1981 -0.2281825
1982 -0.2001569
1983 -0.1689909
1984 -0.2373028
1985 -0.1608507
1986 -0.2603134
1987 -0.1725552
1988 -0.1964108
1989 -0.2451437
1990 -0.1960929
1991 -0.2452949
1992 -0.1962497
1993 -0.2453212
1994 -0.1961921
1995 -0.2451649
1996 -0.1959641
1997 -0.2446359
1998 -0.195572
1999 -0.2444256
2000 -0.1953804
2001 -0.2439579
2002 -0.1950204
2003 -0.2436709
2004 -0.1950185
2005 -0.1949603
2006 -0.2434096
2007 -0.1946519
2008 -0.2432035
2009 -0.1942928
2010 -0.2426323
2011 -0.1940068
2012 -0.2424761
2013 -0.193763
2014 -0.2421527
2015 -0.1937006
2016 -0.2421078
2017 -0.1935805
2018 -0.2419596
2019 -0.1934769
2020 -0.1934454
2021 -0.2415279
2022 -0.1932041
2023 -0.2414422
2024 -0.1931292
2025 -0.2413496
2026 -0.1932342
2027 -0.2419042
2028 -0.1936143
2029 -0.2420949
2030 -0.193999
2031 -0.2426414
2032 -0.1944816
2033 -0.2432985
2034 -0.1949565
2035 -0.2439389
2036 -0.1953885
2037 -0.1953437
2038 -0.2441525
2039 -0.1955359
2040 -0.2430867
2041 -0.1256068
2042 0.00604207
2043 0.06936
2044 0.087802
2045 0.0699133
2046 0.087101
2047 0.069433
2048 0.0864545
2049 0.0690252
2050 0.0687177
2051 0.085641
2052 0.068322
2053 0.0852866
2054 0.0678093
2055 0.0845552
2056 0.0673416
2057 0.0840077
2058 0.0669401
2059 0.0835338
2060 0.066725
2061 0.0833961
2062 0.0667036
2063 0.0665687
2064 0.0831119
2065 0.066477
2066 0.0830522
2067 0.0662968
2068 0.0827766
2069 0.0658721
2070 0.0822178
2071 0.065541
2072 0.0815721
2073 0.0649774
2074 0.0805093
2075 0.0641806
2076 0.079558
2077 0.0633318
2078 0.0631268
2079 0.0785003
2080 0.0626357
2081 0.0777903
2082 0.0621111
2083 0.0771252
2084 0.0615428
2085 0.0766645
2086 0.0612404
2087 0.0763803
2088 0.0607589
2089 0.0756798
2090 0.0604251
2091 0.0603993
2092 0.0752678
2093 0.0601247
2094 0.0749422
2095 0.0595924
2096 0.0742822
2097 0.0591739
2098 0.0739419
2099 0.059129
2100 0.0737611
2101 0.059016
2102 0.0737253
2103 0.0588123
2104 0.0587623
2105 0.0734477
2106 0.0587423
2107 0.0733496
2108 0.0585269
2109 0.0731145
2110 0.0584724
2111 0.0730182
2112 0.0583733
2113 0.0728817
2114 0.0581439
2115 0.072485
2116 0.0578849
2117 0.0722304
2118 0.0577204
2119 0.057677
2120 0.0719334
2121 0.0574629
2122 0.0717603
2123 0.0572604
2124 0.071435
2125 0.0571054
2126 0.0712328
2127 0.0568302
2128 0.0708753
2129 0.0565675
2130 0.0706617
2131 0.0565078
2132 0.0705939
2133 0.0564334
2134 0.0562556
2135 0.0700427
2136 0.0559299
2137 0.0697399
2138 0.0557058
2139 0.0695482
2140 0.0556477
2141 0.0695372
2142 0.055413
2143 0.069099
2144 0.055134
2145 0.0688387
2146 0.0550264
2147 0.0549654
2148 0.0686723
2149 0.0549719
2150 0.068637
2151 0.0546449
2152 0.0681969
2153 0.0544146
2154 0.0681763
2155 0.0546114
2156 0.0681464
2157 0.0544098
2158 0.0676771
2159 0.0539015
2160 0.0669084
2161 0.0532954
2162 0.0532124
2163 0.0659352
2164 0.0526077
2165 0.0655075
2166 0.052274
2167 0.0652124
2168 0.051901
2169 0.0647584
2170 0.0516709
2171 0.0643416
2172 0.0514004
2173 0.0640169
2174 0.0508983
2175 0.0633237
2176 0.0505774
2177 0.0505469
2178 0.0630041
2179 0.0502265
2180 0.0626126
2181 0.0500023
2182 0.0624557
2183 0.0499103
2184 0.0618791
2185 0.0492842
2186 0.0614635
2187 0.0489782
2188 0.060854
2189 0.0484374
2190 0.0603562
2191 0.0477226
2192 0.0476506
2193 0.0594082
2194 0.0472643
2195 0.0588981
2196 0.046582
2197 0.0580107
2198 0.0462541
2199 0.0575939
2200 0.0459808
2201 0.0573312
2202 0.0456355
2203 0.0568997
2204 0.045337
2205 0.0452568
2206 0.056408
2207 0.0448463
2208 0.0558448
2209 0.0443947
2210 0.0551801
2211 0.0436656
2212 0.054205
2213 0.0432108
2214 0.0532385
2215 0.0423033
2216 0.052375
2217 0.0416864
2218 0.0520015
2219 0.0410465
2220 0.0409019
2221 0.0507404
2222 0.0404317
2223 0.0503264
2224 0.04005838
2225 0.04981812
2226 0.03936507
2227 0.04897935
2228 0.03859163
2229 0.04787834
2230 0.03771474
2231 0.04679591
2232 0.03726031
2233 0.03694846
2234 0.04584415
2235 0.03634287
2236 0.04520615
2237 0.03599717
2238 0.04483182
2239 0.03540971
2240 0.04388673
2241 0.03469778
2242 0.04320915
2243 0.03441597
2244 0.04294212
2245 0.03395297
2246 0.03382326
2247 0.04155882
2248 0.03293731
2249 0.04095323
2250 0.03272559
2251 0.04057177
2252 0.03235079
2253 0.04006345
2254 0.03194024
2255 0.03910406
2256 0.03106763
2257 0.03043534
2258 0.03786619
2259 0.0301211
2260 0.03753241
2261 0.0297692
2262 0.03706655
2263 0.02945353
2264 0.03649339
2265 0.02869441
2266 0.03539666
2267 0.02792337
2268 0.0235277
2269 -0.001636246
2270 -0.01993202
2271 -0.05063531
2272 -0.0612266
2273 -0.1024747
2274 -0.1027248
2275 -0.1542415
2276 -0.1441938
2277 -0.1624572
2278 -0.229145
2279 -0.1952832
2280 -0.1701173
2281 -0.1473382
2282 -0.2108325
2283 -0.1895096
2284 -0.2211913
2285 -0.1476519
2286 -0.166434
2287 -0.2346643
2288 -0.18461
2289 -0.1690411
2290 -0.1536887
2291 -0.2185716
2292 -0.1958887
2293 -0.2090926
2294 -0.1546314
2295 -0.2202862
2296 -0.1964194
2297 -0.1875331
2298 -0.234878
2299 -0.1440827
2300 -0.2052369
2301 -0.1857488
2302 -0.2361664
2303 -0.145426
2304 -0.2065273
2305 -0.1872112
2306 -0.2366247
2307 -0.1369035
2308 -0.1531751
2309 -0.2192612
2310 -0.1971991
2311 -0.21173
2312 -0.1580331
2313 -0.22556
2314 -0.2010944
2315 -0.1985429
2316 -0.1632063
2317 -0.2317395
2318 -0.193114
2319 -0.2463254
2320 -0.1587632
2321 -0.1982298
2322 -0.1809332
2323 -0.245593
2324 -0.1450742
2325 -0.1953209
2326 -0.1787879
2327 -0.1972788
2328 -0.1827172
2329 -0.1446869
2330 -0.2091626
2331 -0.1899177
2332 -0.2250274
2333 -0.153175
2334 -0.2204016
2335 -0.1975367
2336 -0.1969923
2337 -0.1627361
2338 -0.2324452
2339 -0.1928337
2340 -0.2444094
2341 -0.15189
2342 -0.1868153
2343 -0.173042
2344 -0.2437944
2345 -0.1583302
2346 -0.1984862
2347 -0.1822164
2348 -0.2426524
2349 -0.1973374
2350 -0.2107491
2351 -0.1575706
2352 -0.2270517
2353 -0.1961948
2354 -0.1865787
2355 -0.1660741
2356 -0.2372565
2357 -0.1723487
2358 -0.08689771
2359 0.01995207
2360 0.009895403
2361 -0.02336256
2362 -0.04266711
2363 -0.0817203
2364 -0.03005907
2365 -0.03220933
2366 -0.04246931
2367 -0.0036510636
2368 -0.01961397
2369 -0.0546517
2370 -0.0475833
2371 -0.01645844
2372 -0.03568623
2373 -0.05576697
2374 -0.00825522
2375 -0.03765809
2376 -0.0531094
2377 -0.01663679566
2378 -0.01713156
2379 -0.05279773
2380 -0.026417916
2381 -0.004588517
2382 -0.02787374
2383 -0.0643348
2384 -0.017170147
2385 -0.02061215
2386 -0.04170531
2387 -0.0424961565
2388 -0.0027944929
2389 -0.03392402
2390 -0.0509308
2391 -0.017840736
2392 -0.01742338
2393 -0.05383915
2394 -0.04784554
2395 -0.0182728
2396 -0.03783631
2397 -0.04251852
2398 -0.010643712
2399 -0.04564332
2400 -0.0540598
2401 -0.012857835
2402 -0.0272958
2403 -0.05893468
2404 -0.0080222274
2405 -0.02223085
2406 -0.06067221
2407 -0.03537919
2408 -0.01929036
2409 -0.04079744
2410 -0.028095197
2411 -0.01489138
2412 -0.05233136
2413 -0.04618905
2414 -0.01293031
2415 -0.03517793
2416 -0.05604447
2417 -0.003074395
2418 -0.03257029
2419 -0.0529068
2420 -0.03927991
2421 -0.02058195
2422 -0.05805147
2423 -0.0191209
2424 -0.0279502
2425 -0.0499337
2426 -0.03402652
2427 -0.01754641
2428 -0.05501589
2429 -0.015996678
2430 -0.02476112
2431 -0.04731772
2432 -0.05602069
2433 -0.02361939
2434 -0.06242215
2435 -0.020237336
2436 -0.02339576
2437 -0.06318032
2438 -0.02105495
2439 -0.02636234
2440 -0.04756183
2441 -0.02280368
2442 -0.02720998
2443 -0.06815
2444 -0.02323033
2445 -0.03232423
2446 -0.04721571
2447 -0.01406948
2448 -0.03246859
2449 -0.069104
2450 -0.02131675
2451 -0.04991617
2452 -0.04859227
2453 -0.01990119
2454 -0.04147174
2455 -0.028970177
2456 -0.01775334
2457 -0.0589622
2458 -0.05504967
2459 0.00331361
2460 -0.01786255
2461 -0.05974753
2462 -0.06215324
2463 -0.02991986
2464 -0.0544004
2465 -0.01170371
2466 -0.04953944
2467 -0.0612566
2468 -0.005918899
2469 -0.014717801
2470 -0.05692372
2471 -0.0684449
2472 -0.02336397
2473 -0.02986835
2474 -0.0737929
2475 -0.0265838497
2476 -0.0150603464
2477 -0.04295991
2478 -0.07083264
2479 -0.02513765
2480 -0.05956068
2481 -0.01494572
2482 -0.04567702
2483 -0.06717244
2484 -0.01892303
2485 -0.05771909
2486 -0.02355694
2487 -0.03974143
2488 -0.0556547
2489 -0.02140753
2490 -0.03882432
2491 -0.05100338
2492 -0.02400421
2493 -0.0683607
2494 -0.02800106
2495 -0.04331253
2496 -0.0470936
2497 -0.02648632
2498 -0.0521203
2499 -0.03698149
2500 -0.000368333
2501 -0.0405973
2502 -0.0844636
2503 -0.03430436
2504 -0.02526465
2505 -0.0533087
2506 -0.04546436
2507 -0.02976153
2508 -0.05794796
2509 -0.01820443
2510 -0.06094405
2511 -0.0260947
2512 -0.04473829
2513 -0.0612065
2514 -0.016059316
2515 -0.02701114
2516 -0.0768403
2517 -0.0526458
2518 -0.0210456
2519 -0.06569898
2520 -0.03007436
2521 -0.04681577
2522 -0.05268124
2523 -0.01013414
2524 -0.03607633
2525 -0.0871562
2526 -0.04122096
2527 -0.03851166
2528 -0.0584977
2529 -0.03253166
2530 -0.05108193
2531 -0.0409692997
2532 -0.0108668605
2533 -0.05898858
2534 -0.0864787
2535 -0.00357698
2536 -0.017917076
2537 -0.05130882
2538 -0.0902677
2539 -0.02691482
2540 -0.06741227
2541 -0.04838143
2542 -0.01615422
2543 -0.04806396
2544 -0.0850877
2545 -0.01599381
2546 -0.05239285
2547 -0.06475008
2548 -0.01137136
2549 -0.05575793
2550 -0.0624936
2551 -0.0247883
2552 -0.05053781
2553 -0.0899281
2554 -0.013037904
2555 -0.03361173
2556 -0.0656083
2557 -0.06346116
2558 -0.03235032
2559 -0.0813946
2560 -0.02296301
2561 -0.03487276
2562 -0.0852693
2563 -0.02874257
2564 -0.04982986
2565 -0.059757
2566 -0.05247255
2567 -0.0602724
2568 -0.02496091
2569 -0.05258486
2570 -0.04418894
2571 0.01713303
2572 0.02100475
2573 0.01659324
2574 0.02027997
2575 0.01608588
2576 0.01980837
2577 0.01555946
2578 0.01902636
2579 0.0149634
2580 0.01480319
2581 0.01817711
2582 0.01432682
2583 0.01744613
2584 0.01381852
2585 0.01690777
2586 0.0134213
2587 0.01624115
2588 0.01282002
2589 0.0156494
2590 0.01229312
2591 0.01515397
2592 0.01184823
2593 0.01472864
2594 0.01156832
2595 0.01154258
2596 0.01402719
2597 0.01110531
2598 0.01357897
2599 0.010628
2600 0.01305921
2601 0.01018836
2602 0.01268539
2603 0.01008822
2604 0.01235303
2605 0.00966337
2606 0.01164205
2607 0.00918652
2608 0.00885465
2609 0.01083525
2610 0.00847794
2611 0.01022109
2612 0.00803162
2613 0.0095869
2614 0.00751139
2615 0.00904472
2616 0.00698974
2617 0.0086127
2618 0.00675514
2619 0.00824031
2620 0.00639273
2621 0.00622918
2622 0.00759944
2623 0.00576473
2624 0.00698908
2625 0.00542142
2626 0.00643595
2627 0.00501419
2628 0.00584945
2629 0.00455739
2630 0.00545223
2631 0.00408007
2632 0.004989702
2633 0.00373532
2634 0.004440387
2635 0.003338114
2636 0.00316979
2637 0.003783782
2638 0.002747313
2639 0.00330313
2640 0.00244023
2641 0.002774795
2642 0.002130287
2643 0.002309878
2644 0.001721637
2645 0.001866419
2646 0.001185671
2647 0.001360018
2648 0.000794665
2649 0.000666395
2650 0.000535091
2651 0.000261084
2652 0.0001655419
2653 -0.0001199087
2654 -0.0002741018
2655 -0.00040315
2656 -0.00068609
2657 -0.000676855
2658 -0.001172464
2659 -0.000987275
2660 -0.00152723
2661 -0.001418337
2662 -0.001972597
2663 -0.00184892
2664 -0.001932366
2665 -0.002778451
2666 -0.002324326
2667 -0.003133695
2668 -0.002652868
2669 -0.003487508
2670 -0.002974256
2671 -0.003823201
2672 -0.003234133
2673 -0.004188936
2674 -0.003441079
2675 -0.004507463
2676 -0.003689035
2677 -0.00486366
2678 -0.003947002
2679 -0.00414537
2680 -0.00530569
2681 -0.00434516
2682 -0.00564949
2683 -0.00460218
2684 -0.00600568
2685 -0.00484631
2686 -0.00625412
2687 -0.00503848
2688 -0.00648395
2689 -0.00521778
2690 -0.00664466
2691 -0.00541089
2692 -0.00556921
2693 -0.00708143
2694 -0.00576613
2695 -0.00739756
2696 -0.00598215
2697 -0.00762026
2698 -0.00613807
2699 -0.00800984
2700 -0.00648282
2701 -0.00836603
2702 -0.00670933
2703 -0.00836174
2704 -0.00672935
2705 -0.00686142
2706 -0.00855152
2707 -0.00681852
2708 -0.00868647
2709 -0.00709651
2710 -0.00881521
2711 -0.00698684
2712 -0.00868313
2713 -0.00690197
2714 -0.00871555
2715 -0.00701164
2716 -0.00874702
2717 -0.00697683
2718 -0.00699686
2719 -0.00867598
2720 -0.00688622
2721 -0.00844471
2722 -0.00671362
2723 -0.00824492
2724 -0.00653003
2725 -0.00796882
2726 -0.00643705
2727 -0.00825492
2728 -0.00660202
2729 -0.00636123
2730 -0.00792877
2731 -0.00607942
2732 -0.00760453
2733 -0.00622915
2734 -0.0078644
2735 -0.00598882
2736 -0.00743666
2737 -0.0060551
2738 -0.00767032
2739 -0.0060098
2740 -0.00736754
2741 -0.00583862
2742 -0.00578616
2743 -0.00728455
2744 -0.00587772
2745 -0.00729123
2746 -0.00563405
2747 -0.00696269
2748 -0.00540851
2749 -0.00677864
2750 -0.0054705
2751 -0.00681679
2752 -0.0051019
2753 -0.00639192
2754 -0.00521873
2755 -0.00523208
2756 -0.00625459
2757 -0.00489638
2758 -0.00573294
2759 -0.0044224
2760 -0.00519697
2761 -0.004016143
2762 -0.005088728
2763 -0.00413107
2764 -0.004897042
2765 -0.003795369
2766 -0.003579362
2767 -0.004291454
2768 -0.003330454
2769 -0.004053513
2770 -0.00309728
2771 -0.003752629
2772 -0.002869351
2773 -0.003446976
2774 -0.002520783
2775 -0.002970138
2776 -0.002183183
2777 -0.002568641
2778 -0.001980527
2779 -0.001948103
2780 -0.002463738
2781 -0.001950011
2782 -0.002432745
2783 -0.00193046
2784 -0.002401273
2785 -0.001867517
2786 -0.002204815
2787 -0.001691564
2788 -0.002040307
2789 -0.001574738
2790 -0.001940648
2791 -0.001404509
2792 -0.001373514
2793 -0.00138561
2794 -0.001044497
2795 -0.001065175
2796 -0.000800832
2797 -0.000879207
2798 -0.000699742
2799 -0.000876824
2800 -0.00051473
2801 -0.000576417
2802 -0.000362142
2803 -0.0004157225
2804 -0.000268205
2805 -0.0002281507
2806 -0.0002144973
2807 -0.0002415021
2808 -0.0003718535
2809 -0.0001585325
2810 -0.0001558462
2811 -1.5958168e-05
2812 -5.6664136e-05
2813 -0.0002143225
2814 -0.0004014171
2815 -0.000525697
2816 -0.000642221
2817 -0.000496134
2818 -0.000443204
2819 -0.000541608
2820 -0.000612005
2821 -0.000737588
2822 -0.000432237
2823 -0.000550667
2824 -0.0004079188
2825 -0.000562111
2826 -0.000477059
2827 -0.0004004639
2828 -0.0002314885
2829 -0.00011007
2830 -7.89006e-05
2831 -5.4582e-05
2832 -5.6426e-06
2833 0.0001199404
2834 0.0002261003
2835 0.0002648989
2836 0.0003176529
2837 0.0002539316
2838 8.257237e-05
2839 2.934131e-05
2840 -2.6146578e-05
2841 -0.00010178885
2842 -0.0002936523
2843 -0.000402197
2844 -0.00065891
2845 -0.000949128
2846 -0.001034959
2847 -0.001349846
2848 -0.001081689
2849 -0.001314084
2850 -0.000950559
2851 -0.00108711
2852 -0.000745519
2853 -0.00091068
2854 -0.000685439
2855 -0.000831523
2856 -0.000596746
2857 -0.000738064
2858 -0.000550493
2859 -0.000577672
2860 -0.000729958
2861 -0.000555738
2862 -0.000681798
2863 -0.000511392
2864 -0.000763815
2865 -0.000785097
2866 -0.001144329
2867 -0.001206143
2868 -0.001859585
2869 -0.001621469
2870 -0.002245346
2871 -0.001870379
2872 -0.00210975
2873 -0.002721231
2874 -0.002323374
2875 -0.002890508
2876 -0.002275213
2877 -0.002852362
2878 -0.0022652
2879 -0.002884309
2880 -0.002331957
2881 -0.002992074
2882 -0.002427802
2883 -0.00233434
2884 -0.002843778
2885 -0.002360567
2886 -0.003031652
2887 -0.002428277
2888 -0.003044526
2889 -0.002402528
2890 -0.003003518
2891 -0.002444013
2892 -0.003133695
2893 -0.002637133
2894 -0.003333489
2895 -0.002697214
2896 -0.002775892
2897 -0.003518501
2898 -0.002817853
2899 -0.003528994
2900 -0.002976164
2901 -0.003766458
2902 -0.003112538
2903 -0.003915231
2904 -0.003220781
2905 -0.004088322
2906 -0.003404364
2907 -0.004325788
2908 -0.003545029
2909 -0.004486004
2910 -0.00367616
2911 -0.003716692
2912 -0.004715363
2913 -0.003837808
2914 -0.004935661
2915 -0.004029498
2916 -0.00519459
2917 -0.00421308
2918 -0.00537768
2919 -0.0043423
2920 -0.00549213
2921 -0.00441765
2922 -0.00445865
2923 -0.00559751
2924 -0.00450205
2925 -0.00579826
2926 -0.00490544
2927 -0.00630705
2928 -0.00531554
2929 -0.00687305
2930 -0.0058739
2931 -0.0076441
2932 -0.00635885
2933 -0.00822059
2934 -0.00680325
2935 -0.00879614
2936 -0.0072758
2937 -0.00748752
2938 -0.00979177
2939 -0.00806305
2940 -0.01028484
2941 -0.0085194
2942 -0.01089993
2943 -0.00901531
2944 -0.01149742
2945 -0.00934051
2946 -0.01180069
2947 -0.00982736
2948 -0.0124034
2949 -0.01031851
2950 -0.01040052
2951 -0.01330272
2952 -0.01077483
2953 -0.01402275
2954 -0.01131842
2955 -0.01448528
2956 -0.01171898
2957 -0.01513091
2958 -0.01223014
2959 -0.01582138
2960 -0.0127332
2961 -0.01609033
2962 -0.01305317
2963 -0.01672069
2964 -0.01356623
2965 -0.0138676
2966 -0.01769868
2967 -0.01443122
2968 0.00178202
2969 0.01311089
2970 0.01597365
2971 0.01260688
2972 0.015359
2973 0.01219393
2974 0.01477869
2975 0.01165225
2976 0.01400622
2977 0.01107099
2978 0.01067663
2979 0.0131894
2980 0.01031568
2981 0.01269538
2982 0.00987651
2983 0.0120922
2984 0.00926471
2985 0.01126488
2986 0.0087507
2987 0.01067456
2988 0.00835779
2989 0.007498349
2990 -0.0462834
2991 -0.1556872
2992 -0.2013199
2993 -0.2172378
2994 -0.12508
2995 -0.04084602
2996 -0.05440043
2997 -0.1102045
2998 -0.1018533
2999 -0.06659939
3000 -0.0988084
3001 -0.0751246
3002 -0.114406
3003 -0.072665
3004 -0.05881353
3005 -0.1013591
3006 -0.0891807
3007 -0.0724982
3008 -0.0847619
3009 -0.0732062
3010 -0.0750267
3011 -0.0825296
3012 -0.0645382
3013 -0.06768977
3014 -0.1132125
3015 -0.0428979
3016 -0.096196
3017 -0.0592921
3018 -0.0963673
3019 -0.087315
3020 -0.04728817
3021 -0.1152409
3022 -0.04778079
3023 -0.07429681
3024 -0.0887302
3025 -0.04588238
3026 -0.1094279
3027 -0.0446684
3028 -0.07301129
3029 -0.0796372
3030 -0.06098836
3031 -0.1149615
3032 -0.0459025
3033 -0.06764216
3034 -0.0705927
3035 -0.0720767
3036 -0.0716332
3037 -0.04202544
3038 -0.1006203
3039 -0.04660292
3040 -0.06963964
3041 -0.0709694
3042 -0.04625401
3043 -0.0775898
3044 -0.0527114
3045 -0.081423
3046 -0.081505
3047 -0.05751893
3048 -0.0715033
3049 -0.05381104
3050 -0.08161
3051 -0.0512923
3052 -0.07896028
3053 -0.0747798
3054 -0.03649085
3055 -0.0687811
3056 -0.04852953
3057 -0.02750132
3058 -0.0967053
3059 -0.0662648
3060 -0.02849762
3061 -0.0903233
3062 -0.0808051
3063 -0.0197939
3064 -0.04331713
3065 -0.0973621
3066 -0.03141516
3067 -0.06632639
3068 -0.04490833
3069 0.04798842
3070 0.0485251
3071 0.0601794
3072 0.0479719
3073 0.0597941
3074 0.0477045
3075 0.0595227
3076 0.0475285
3077 0.0475237
3078 0.059301
3079 0.0474165
3080 0.0588976
3081 0.0470707
3082 0.0585276
3083 0.0467704
3084 0.0583233
3085 0.0466035
3086 0.0580297
3087 0.046253
3088 0.0576811
3089 0.0459292
3090 0.0459149
3091 0.0573646
3092 0.045872
3093 0.0571294
3094 0.0456303
3095 0.0569201
3096 0.0454624
3097 0.0566879
3098 0.0451925
3099 0.0564709
3100 0.0450881
3101 0.0563451
3102 0.0449522
3103 0.0449297
3104 0.0559407
3105 0.0446646
3106 0.0557038
3107 0.04176926
3108 -0.00508062
3109 -0.0610993
3110 -0.1476311
3111 -0.1758821
3112 -0.2405315
3113 -0.193292
3114 -0.2011588
3115 -0.2270942
3116 -0.1880034
3117 -0.2475114
3118 -0.1754081
3119 -0.2255883
3120 -0.2327541
3121 -0.1823837
3122 -0.2255477
3123 -0.1725141
3124 -0.2438191
3125 -0.1298321
3126 -0.0986688
3127 -0.07631007
3128 -0.0670458
3129 -0.1042795
3130 -0.0944795
3131 -0.0782301
3132 -0.06170361
3133 -0.1018249
3134 -0.0847186
3135 -0.07477125
3136 -0.0929034
3137 -0.0760378
3138 -0.1085136
3139 -0.1024541
3140 -0.0660705
3141 -0.0991762
3142 -0.081373
3143 -0.0977419
3144 -0.096879
3145 -0.1001471
3146 -0.0952346
3147 -0.098072
3148 -0.1016077
3149 -0.0938509
3150 -0.0977545
3151 -0.1305923
3152 -0.1015341
3153 -0.0839347
3154 -0.1134198
3155 -0.132081
3156 -0.0858435
3157 -0.120074
3158 -0.1501205
3159 -0.0999871
3160 -0.0931342
3161 -0.1682581
3162 -0.1328963
3163 -0.0779817
3164 -0.137826
3165 -0.1929087
3166 -0.1623248
3167 -0.1091445
3168 -0.1127224
3169 -0.1125635
3170 -0.1457236
3171 -0.1739807
3172 -0.1588582
3173 -0.1507816
3174 -0.1137525
3175 -0.1405586
3176 -0.1765341
3177 -0.1753195
3178 -0.22797
3179 -0.2400597
3180 -0.2416657
3181 -0.2270082
3182 -0.1984064
3183 -0.2310217
3184 -0.2443195
3185 -0.2396936
3186 -0.2410226
3187 -0.1980994
3188 -0.2498927
3189 -0.2508405
3190 -0.2172241
3191 -0.0456177344
3192 0.11003253
3193 0.2238883
3194 0.3285452
3195 0.0942848
3196 0.074411
3197 0.0599416
3198 0.0746933
3199 0.0594566
3200 0.0742674
3201 0.0593249
3202 0.0592939
3203 0.0739862
3204 0.0591582
3205 0.0737859
3206 0.058984
3207 0.0735736
3208 0.0588248
3209 0.0733167
3210 0.0586036
3211 0.0730439
3212 0.0583865
3213 0.0727773
3214 0.0581592
3215 0.0580009
3216 0.0724269
3217 0.0576188
3218 0.0719615
3219 0.0571577
3220 0.0713214
3221 0.0568984
3222 0.0710483
3223 0.0565675
3224 0.0706783
3225 0.0564106
3226 0.0704471
3227 0.0561569
3228 0.0561134
3229 0.0696889
3230 0.0556566
3231 0.0690776
3232 0.0551698
3233 0.0685321
3234 0.0547512
3235 0.0679241
3236 0.0542328
3237 0.0675093
3238 0.0539014
3239 0.0535233
3240 0.0668049
3241 0.053078
3242 0.0662108
3243 0.0525134
3244 0.0654656
3245 0.0520966
3246 0.0648882
3247 0.0515822
3248 0.0643407
3249 0.0513037
3250 0.0639034
3251 0.0509455
3252 0.0633493
3253 0.05044
3254 0.0502318
3255 0.0626189
3256 0.0498661
3257 0.0621462
3258 0.0495098
3259 0.0617281
3260 0.0491326
3261 0.0612198
3262 0.0487249
3263 0.0607167
3264 0.0482877
3265 0.0480917
3266 0.0599443
3267 0.0478818
3268 0.0597545
3269 0.0477655
3270 0.0595585
3271 0.0475843
3272 0.059147
3273 0.0471867
3274 0.0588069
3275 0.0469782
3276 0.0585653
3277 0.0467813
3278 0.0467579
3279 0.0584041
3280 0.0464913
3281 0.0580254
3282 0.0463149
3283 0.0578437
3284 0.046203
3285 0.057703
3286 0.0459922
3287 0.0574251
3288 0.0456675
3289 0.0570402
3290 0.0455672
3291 0.0455123
3292 0.0566192
3293 0.0452473
3294 0.056499
3295 0.045018
3296 0.0559649
3297 0.0446117
3298 0.0554404
3299 0.0443194
3300 0.0553737
3301 0.0440581
3302 0.0439198
3303 0.0548477
3304 0.0438616
3305 0.0543924
3306 0.0433391
3307 0.0541239
3308 0.0432551
3309 0.0539685
3310 0.0431474
3311 0.0539547
3312 0.0431493
3313 0.0538598
3314 0.0430686
3315 0.0430449
3316 0.0536643
3317 0.042803
3318 0.053339
3319 0.0426247
3320 0.0531942
3321 0.0425141
3322 0.0527936
3323 0.0421288
3324 0.052425
3325 0.0417883
3326 0.0520989
3327 0.0414551
3328 0.051723
3329 0.0409772
3330 0.0408857
3331 0.0507142
3332 0.0404799
3333 0.0501819
3334 0.0400726
3335 0.04998736
3336 0.0399554
3337 0.04985102
3338 0.03988577
3339 0.04988679
3340 0.03986813
3341 0.03981139
3342 0.04971893
3343 0.03973795
3344 0.0494915
3345 0.03953388
3346 0.04919155
3347 0.03922391
3348 0.04875381
3349 0.03888632
3350 0.04853067
3351 0.03865029
3352 0.04828556
3353 0.03850057
3354 0.04817112
3355 0.03868605
3356 0.03894211
3357 0.04884871
3358 0.03939558
3359 0.04929073
3360 0.03958108
3361 0.0495778
3362 0.03996969
3363 0.04992538
3364 0.0400517
3365 0.0503426
3366 0.0405553
3367 0.0510807
3368 0.0409935
3369 0.0410468
3370 0.0514432
3371 0.0413701
3372 0.0518943
3373 0.0416819
3374 0.0519802
3375 0.0415534
3376 0.0521151
3377 0.0417126
3378 0.0521293
3379 0.041692
3380 0.0520249
3381 0.0416186
3382 0.0416105
3383 0.0520454
3384 0.0417201
3385 0.052149
3386 0.0417064
3387 0.0521047
3388 0.0416114
3389 0.0520092
3390 0.0416352
3391 0.0520379
3392 0.0416387
3393 0.0520263
3394 0.0415699
3395 0.0415552
3396 0.0520459
3397 0.0416329
3398 0.0518479
3399 0.0414536
3400 0.0518848
3401 0.0415104
3402 0.0519973
3403 0.0416182
3404 0.0519945
3405 0.0416596
3406 0.0521865
3407 0.0418942
3408 0.0421841
3409 0.052929
3410 0.0424979
3411 0.0532551
3412 0.0427424
3413 0.0537062
3414 0.0431988
3415 0.0542508
3416 0.0436251
3417 0.0546346
3418 0.0438035
3419 0.0550251
3420 0.0442507
3421 0.0444821
3422 0.0557921
3423 0.0448019
3424 0.0561702
3425 0.0451472
3426 0.0566307
3427 0.0456016
3428 0.057264
3429 0.0461538
3430 0.0577742
3431 0.0464847
3432 0.0581928
3433 0.0470079
3434 0.0470832
3435 0.0592786
3436 0.047589
3437 0.0599251
3438 0.0480016
3439 0.0603419
3440 0.04832
3441 0.0610051
3442 0.0489413
3443 0.0616933
3444 0.0494167
3445 0.0621429
3446 0.0498216
3447 0.0503004
3448 0.0629941
3449 0.0509403
3450 0.0639525
3451 0.0516294
3452 0.0647336
3453 0.0521071
3454 0.0654155
3455 0.052778
3456 0.0662418
3457 0.0534261
3458 0.0670252
3459 0.0539892
3460 0.054098
3461 0.0682241
3462 0.0547077
3463 0.0689713
3464 0.0553482
3465 0.0700165
3466 0.0561339
3467 0.0706406
3468 0.0566643
3469 0.071559
3470 0.0574124
3471 0.0724097
3472 0.0581934
3473 0.0585682
3474 0.0736334
3475 0.0592377
3476 0.0744596
3477 0.0598414
3478 0.0752884
3479 0.06055
3480 0.05675849
3481 -0.01485704
3482 -0.02127592
3483 -0.01675104
3484 -0.02005616
3485 -0.01583979
3486 -0.01519749
3487 -0.01878873
3488 -0.0144894
3489 -0.01798382
3490 -0.01393102
3491 -0.01717893
3492 -0.01343129
3493 -0.01642553
3494 -0.01288865
3495 -0.01561443
3496 -0.01230787
3497 -0.01482526
3498 -0.01166128
3499 -0.01126836
3500 0.01802882
3501 0.1087175
3502 0.1525533
3503 0.248766
3504 0.1404689
3505 0.1081954
3506 0.1071835
3507 0.06012375
3508 0.0866175
3509 0.06190229
3510 0.06116153
3511 0.1071855
3512 0.0535399
3513 0.0905419
3514 0.0543469
3515 0.0956984
3516 0.03493812
3517 0.0982871
3518 0.06606873
3519 0.0757501
3520 0.0973339
3521 0.02943494
3522 0.0971542
3523 0.0699794
3524 0.06401171
3525 0.1023647
3526 0.04476387
3527 0.0941979
3528 0.04337757
3529 0.090027
3530 0.06057693
3531 0.0766781
3532 0.06119583
3533 0.0730212
3534 0.04973038
3535 0.0771573
3536 0.04907323
3537 0.07803346
3538 0.0737621
3539 0.04386431
3540 0.0793583
3541 0.06509158
3542 0.04484923
3543 0.1007872
3544 0.04087452
3545 0.0648644
3546 0.07585819
3547 0.02645757
3548 0.0940466
3549 0.05881008
3550 0.04426486
3551 0.0921699
3552 0.03609396
3553 0.0869743
3554 0.04238346
3555 0.0817056
3556 0.04618333
3557 0.03007659
3558 0.0955497
3559 0.05996163
3560 0.0477415
3561 0.0766966
3562 0.03978122
3563 0.04199676
3564 0.1045876
3565 0.0463469
3566 0.0517265
3567 0.07670555
3568 0.03406505
3569 0.09049
3570 0.02903013
3571 0.03645046
3572 0.0742667
3573 0.06013639
3574 0.0764914
3575 0.04027731
3576 0.04570542
3577 0.0745533
3578 0.04039863
3579 0.055455
3580 0.06101617
3581 0.03237038
3582 0.0879947
3583 0.04593955
3584 0.0605299
3585 0.06444082
3586 0.03843334
3587 0.0820762
3588 0.01989057
3589 0.06504879
3590 0.05474211
3591 0.02862557
3592 0.0612181
3593 0.05300145
3594 0.06232077
3595 0.02265859
3596 0.0753881
3597 0.04163003
3598 0.04802623
3599 0.0716221
3600 0.03852994
3601 0.05269175
3602 0.05552955
3603 0.06208184
3604 0.03398062
3605 0.06436317
3606 0.05110012
3607 0.02441034
3608 0.058143
3609 0.05464091
3610 0.02178313
3611 0.0755463
3612 0.03710297
3613 0.03240498
3614 0.0635588
3615 0.05427977
3616 0.0786777
3617 0.01944421
3618 0.03994809
3619 0.0708401
3620 0.04039345
3621 0.0264752
3622 0.0677538
3623 0.018739
3624 0.04979284
3625 0.03567904
3626 0.03379684
3627 0.0582917
3628 0.04207761
3629 0.04902338
3630 0.04146777
3631 0.03934584
3632 0.04591348
3633 0.02846773
3634 0.0550673
3635 0.04771425
3636 0.0157664
3637 0.06236846
3638 0.0645526
3639 0.01599606
3640 0.03755118
3641 0.07046794
3642 0.0230663
3643 0.06141912
3644 0.03064306
3645 0.0531629
3646 0.05274447
3647 0.0451476
3648 0.04335315
3649 0.03389913
3650 0.06830415
3651 0.03125266
3652 0.0747863
3653 0.013838544
3654 0.03210936
3655 0.07686
3656 0.03476549
3657 0.0712448
3658 0.012968793
3659 0.02655133
3660 0.0602048
3661 0.05460033
3662 0.02360942
3663 0.0772962
3664 0.03536108
3665 0.03582054
3666 0.0830399
3667 0.02371191
3668 0.04822503
3669 0.0708329
3670 0.03632411
3671 0.05020546
3672 0.05130393
3673 0.04558398
3674 0.05304728
3675 0.06860887
3676 0.03039097
3677 0.02854783
3678 0.0653403
3679 0.0641972
3680 0.010297548
3681 0.06419573
3682 0.0750277
3683 0.0442816
3684 0.07065586
3685 0.03233411
3686 0.0718037
3687 0.01806095
3688 0.06242945
3689 0.0753415
3690 0.02404939
3691 0.04078744
3692 0.0890341
3693 0.03326963
3694 0.0748415
3695 0.02852211
3696 0.04989318
3697 0.0796924
3698 0.03087165
3699 0.0749461
3700 0.0472844
3701 0.07446333
3702 0.04003247
3703 0.0715187
3704 0.04723701
3705 0.0622533
3706 0.0442635
3707 0.04724055
3708 0.08080586
3709 0.0217863
3710 0.060539
3711 0.0976877
3712 0.03030946
3713 0.0832129
3714 0.03540926
3715 0.07482251
3716 0.06085123
3717 0.0614775
3718 0.07301289
3719 0.02841931
3720 0.0932027
3721 0.03957485
3722 0.06049446
3723 0.0953093
3724 0.03326248
3725 0.092364
3726 0.04054527
3727 0.0621297
3728 0.087878
3729 0.05384639
3730 0.0882497
3731 0.0489346
3732 0.102451
3733 0.03177863
3734 0.05717584
3735 0.1210715
3736 0.04907631
3737 0.04410461
3738 0.0864556
3739 0.0693809
3740 0.0980269
3741 0.04967799
3742 0.05101117
3743 0.0971019
3744 0.07256753
3745 0.05419504
3746 0.1001013
3747 0.0838638
3748 0.04264331
3749 0.1142737
3750 0.06541925
3751 0.0773298
3752 0.08223778
3753 0.05079583
3754 0.1084338
3755 0.059115
3756 0.0995099
3757 0.1147799
3758 0.05613674
3759 0.0893862
3760 0.0772935
3761 0.0781143
3762 0.1259624
3763 0.06311037
3764 0.0907848
3765 0.1112844
3766 0.06107587
3767 0.1005242
3768 0.0968377
3769 0.0734032
3770 0.124826
3771 0.0854674
3772 0.1159747
3773 0.1055179
3774 0.0884652
3775 0.112231
3776 0.090911
3777 0.134091
3778 0.1097157
3779 0.0870004
3780 0.1032949
3781 0.1087783
3782 0.094471
3783 0.1448832
3784 0.1286685
3785 0.1211606
3786 0.0872403
3787 0.1110657
3788 0.1224657
3789 0.1264035
3790 0.1331261
3791 0.140247
3792 0.1094386
3793 0.1334777
3794 0.1076938
3795 0.1349345
3796 0.1689831
3797 0.1225846
3798 0.1404153
3799 0.1290413
3800 0.0936196
3801 -0.02108656475
3802 -0.063583
3803 -0.1134056
3804 -0.1179096
3805 -0.1420839
3806 -0.2115907
3807 -0.1964409
3808 -0.2168235
3809 -0.1669261
3810 -0.2421688
3811 -0.1778734
3812 -0.156986
3813 -0.2289953
3814 -0.1849668
3815 -0.1809591
3816 -0.1699774
3817 -0.2446751
3818 -0.1616894
3819 -0.2042707
3820 -0.1899144
3821 -0.1888941
3822 -0.1869301
3823 -0.1749304
3824 -0.2442401
3825 -0.1541836
3826 -0.2157587
3827 -0.1982013
3828 -0.1979617
3829 -0.1644637
3830 -0.1882379
3831 -0.2246321
3832 -0.1552189
3833 -0.2275703
3834 -0.2005646
3835 -0.1933411
3836 -0.1727689
3837 -0.2479324
3838 -0.1618674
3839 -0.2070665
3840 -0.1926424
3841 -0.1744687
3842 -0.1996201
3843 -0.1861402
3844 -0.2206173
3845 -0.1440646
3846 -0.2126597
3847 -0.1968782
3848 -0.2157916
3849 -0.1626756
3850 -0.2363423
3851 -0.1706965
3852 -0.1848631
3853 -0.1741288
3854 -0.2429413
3855 -0.1522705
3856 -0.2129649
3857 -0.1957328
3858 -0.1580903
3859 -0.198563
3860 -0.1853674
3861 -0.2409801
3862 -0.1957409
3863 -0.190041
3864 -0.1722457
3865 -0.2470904
3866 -0.16278
3867 -0.2051019
3868 -0.1905149
3869 -0.2273125
3870 -0.1571748
3871 -0.2298183
3872 -0.1881473
3873 -0.1954264
3874 -0.181493
3875 -0.2367182
3876 -0.1426022
3877 -0.2075877
3878 -0.1927927
3879 -0.20931
3880 -0.1602476
3881 -0.2335953
3882 -0.189286
3883 -0.1825346
3884 -0.1701339
3885 -0.2444013
3886 -0.1601752
3887 -0.2052564
3888 -0.1907326
3889 -0.2293228
3890 -0.2002702
3891 -0.1863429
3892 -0.2194933
3893 -0.1461551
3894 -0.2156171
3895 -0.1975028
3896 -0.198277
3897 -0.1236917
3898 -0.02568286
3899 0.01484277
3900 -0.013985074
3901 -0.03782875
3902 -0.0730155
3903 -0.02245448
3904 -0.04861442
3905 -0.025579198
3906 -0.012513554
3907 -0.03648919
3908 -0.04133594
3909 -0.011254059
3910 -0.04691884
3911 -0.04410617
3912 -0.01606552
3913 -0.03691507
3914 -0.04170792
3915 -0.011072858
3916 -0.04614726
3917 -0.027005081
3918 -0.01833509
3919 -0.06242028
3920 -0.02837295
3921 -0.04680057
3922 -0.04885021
3923 -0.000308917
3924 -0.02545904
3925 -0.0732149
3926 -0.05114627
3927 -0.013124858
3928 -0.0409543
3929 -0.050219452
3930 0.008304381
3931 -0.02728884
3932 -0.0734056
3933 -0.05271979
3934 -0.01866905
3935 -0.04451251
3936 -0.03217163
3937 0.00199534
3938 -0.03735775
3939 -0.0628912
3940 -0.05382237
3941 -0.01970838
3942 -0.06437343
3943 -0.02085091
3944 -0.011132171
3945 -0.04226566
3946 -0.0741357
3947 -0.01040481
3948 -0.0415258
3949 -0.06737979
3950 -0.02598976
3951 -0.0634904
3952 -0.01346849
3953 -0.04209377
3954 -0.02909115
3955 -0.02593938
3956 -0.0532047
3957 -0.04326145638
3958 -0.006962515
3959 -0.04845898
3960 -0.05118823
3961 -0.02481739
3962 -0.04882792
3963 -0.01514192
3964 -0.015366954
3965 -0.0452883
3966 -0.07629992
3967 -0.006611098
3968 -0.03642602
3969 -0.0610062
3970 -0.023227572
3971 -0.013529045
3972 -0.05855177
3973 -0.04132968
3974 -0.0101956524
3975 -0.03986285
3976 -0.0833754
3977 -0.02011224
3978 -0.03022329
3979 -0.0495131
3980 -0.02381841
3981 -0.05948445
3982 -0.04189897
3983 -0.0106157524
3984 -0.04001545
3985 -0.07161183
3986 -0.00792478
3987 -0.03807539
3988 -0.0617729
3989 -0.028384083
3990 -0.01459716
3991 -0.05899666
3992 -0.04036916
3993 -0.03278775
3994 -0.0516112
3995 -0.005110673
3996 -0.01709149
3997 -0.06283178
3998 -0.0622003
3999 -0.0085367452
4000 -0.04329155
4001 -0.0480501
4002 -0.10067832
4003 -0.1682262
4004 -0.1270225
4005 -0.1466229
4006 -0.1360764
4007 -0.1032993
4008 -0.1824802
4009 -0.1834105
4010 -0.1709065
4011 -0.1290227
4012 -0.1493114
4013 -0.1377077
4014 -0.1267404
4015 -0.0945184
4016 -0.1741303
4017 -0.1773161
4018 -0.1336758
4019 -0.1545581
4020 -0.1428237
4021 -0.1318787
4022 -0.1054995
4023 -0.1831416
4024 -0.175639
4025 -0.1645722
4026 -0.1227447
4027 -0.1428202
4028 -0.1316665
4029 -0.0964835
4030 -0.1619934
4031 -0.1772929
4032 -0.1665133
4033 -0.1249964
4034 -0.1446013
4035 -0.1334266
4036 -0.1315674
4037 -0.1529444
4038 -0.1874713
4039 -0.1768422
4040 -0.1332938
4041 -0.1549267
4042 -0.1438235
4043 -0.1327595
4044 -0.0966961
4045 -0.1349452
4046 -0.2128591
4047 -0.2041055
4048 -0.1523392
4049 -0.09376081
4050 0.06024776
4051 0.1661345
4052 0.1350334
4053 0.1685301
4054 0.1347635
4055 0.168399
4056 0.134659
4057 0.1685177
4058 0.1349676
4059 0.1348999
4060 0.1685972
4061 0.1348684
4062 0.1686608
4063 0.1349237
4064 0.1686368
4065 0.1348747
4066 0.1686322
4067 0.1349456
4068 0.1689898
4069 0.1917584
4070 0.1995829
4071 0.2411744
4072 0.1987952
4073 0.1858676
4074 0.2653719
4075 0.1469972
4076 0.271823
4077 0.1795894
4078 0.22316
4079 0.2382723
4080 0.2182963
4081 0.1659687
4082 0.2622829
4083 0.1692417
4084 0.2714797
4085 0.1694772
4086 0.2129857
4087 0.2268948
4088 0.2164299
4089 0.2241221
4090 0.219949
4091 0.1886927
4092 0.26671
4093 0.1889337
4094 0.2551184
4095 0.1546629
4096 0.2638765
4097 0.1847084
4098 0.1590044
4099 0.2693058
4100 0.1757538
4101 0.2715822
4102 0.1723564
4103 0.2758947
4104 0.1438768
4105 0.1917604
4106 0.2368928
4107 0.1978919
4108 0.2337618
4109 0.2001346
4110 0.2431123
4111 0.2002604
4112 0.2339383
4113 0.1991237
4114 0.208809
4115 0.082115
4116 0.1020971
4117 0.0817455
4118 0.1021983
4119 0.0819848
4120 0.0820334
4121 0.1024891
4122 0.0819519
4123 0.1023862
4124 0.0818398
4125 0.1022797
4126 0.0818222
4127 0.1024476
4128 0.08203
4129 0.1027218
4130 0.0821784
4131 0.1026655
4132 0.0820877
4133 0.102553
4134 0.0819351
4135 0.0819198
4136 0.102368
4137 0.0819676
4138 0.1025301
4139 0.0820491
4140 0.1025597
4141 0.0820391
4142 0.1026034
4143 0.0821078
4144 0.1026502
4145 0.0821269
4146 0.1026436
4147 0.0820306
4148 0.081959
4149 0.1023698
4150 0.081879
4151 0.1023445
4152 0.0818999
4153 0.1024615
4154 0.0820321
4155 0.1026097
4156 0.0821396
4157 0.1027051
4158 0.0823114
4159 0.1029454
4160 0.082465
4161 0.082473
4162 0.1031013
4163 0.0826018
4164 0.1033507
4165 0.0825527
4166 0.1031046
4167 0.0823333
4168 0.1028734
4169 0.0822599
4170 0.1028906
4171 0.0823477
4172 0.102985
4173 0.0824062
4174 0.0823868
4175 0.1029573
4176 0.0822837
4177 0.1028525
4178 0.0824121
4179 0.1030261
4180 0.0825011
4181 0.1031295
4182 0.0825522
4183 0.103231
4184 0.082722
4185 0.1034613
4186 0.082855
4187 0.0828813
4188 0.1036692
4189 0.0829475
4190 0.1037284
4191 0.0830004
4192 0.1038338
4193 0.0830633
4194 0.1038032
4195 0.0748431
4196 -0.00982133
4197 -0.02809833
4198 -0.03482954
4199 -0.0276849
4200 -0.0344495
4201 -0.02738116
4202 -0.02725957
4203 -0.03410188
4204 -0.02729247
4205 -0.03416007
4206 -0.0273559
4207 -0.03421251
4208 -0.02737068
4209 -0.03418486
4210 -0.02738021
4211 -0.03432029
4212 -0.02742981
4213 -0.03427688
4214 -0.02741979
4215 -0.02744077
4216 -0.03436127
4217 -0.02747367
4218 -0.03433553
4219 -0.02723621
4220 -0.03397886
4221 -0.0271375
4222 -0.03392593
4223 -0.02714751
4224 -0.03401702
4225 -0.02724622
4226 -0.03409282
4227 -0.02727435
4228 -0.02725051
4229 -0.03405993
4230 -0.02724146
4231 -0.03407804
4232 -0.02729009
4233 -0.03413048
4234 -0.02731966
4235 -0.03413908
4236 -0.02731488
4237 -0.03402893
4238 -0.02723001
4239 -0.03394453
4240 -0.02714703
4241 -0.02708361
4242 -0.03385678
4243 -0.0270512
4244 -0.03376762
4245 -0.02690623
4246 -0.03360263
4247 -0.02678368
4248 -0.03347484
4249 -0.02673696
4250 -0.03338089
4251 -0.02665398
4252 -0.03345816
4253 -0.02684806
4254 -0.02688
4255 -0.03362551
4256 -0.0268409
4257 -0.03350059
4258 -0.02671169
4259 -0.03335802
4260 -0.02693484
4261 -0.03375808
4262 -0.02708934
4263 -0.03386776
4264 -0.02706168
4265 -0.0337886
4266 -0.02692626
4267 -0.02698634
4268 -0.03406039
4269 -0.02732824
4270 -0.03426735
4271 -0.02747225
4272 -0.03442518
4273 -0.02744459
4274 -0.03421252
4275 -0.02744555
4276 -0.03437893
4277 -0.02767919
4278 -0.03475276
4279 -0.02778648
4280 -0.02778742
4281 -0.03450482
4282 -0.02759717
4283 -0.03446095
4284 -0.02757571
4285 -0.03477185
4286 -0.0278723
4287 -0.03488914
4288 -0.02794718
4289 -0.03509133
4290 -0.02815698
4291 -0.03533642
4292 -0.02835677
4293 -0.02848456
4294 -0.03563967
4295 -0.02850984
4296 -0.0356826
4297 -0.02856134
4298 -0.03588764
4299 -0.02885411
4300 -0.03630917
4301 -0.02915549
4302 -0.03668538
4303 -0.22895003
4304 -0.52962477
4305 -0.61346822
4306 -0.46683193
4307 -0.36284277
4308 -0.32394539
4309 -0.31797081
4310 -0.2265406
4311 -0.18720309
4312 -0.3169514
4313 -0.18201896
4314 -0.25930112
4315 -0.21103873
4316 -0.09662062
4317 -0.10091602
4318 -0.09314859
4319 -0.09313193
4320 -0.10076974
4321 -0.09296884
4322 -0.10058611
4323 -0.09306997
4324 -0.100908
4325 -0.093051
4326 -0.10074779
4327 -0.09307293
4328 -0.06984393
